0.43853789006368177 0.19357439538721052 0.4477331682752492
0.43854072422405965 0.1935724581823337 0.44773077927453403
0.43853941113291195 0.19357377144113597 0.44773621067151775
0.43854189198762145 0.19356877196314695 0.4477291205361389
0.4385401567208775 0.19357395803928729 0.4477323152209018
0.4385432507031548 0.19357053180752556 0.4477321099298017
0.4395535883960439 0.19274665887790565 0.45150569986012995
0.43931880854143335 0.19223176401129907 0.46629973591799734
0.4387000050961606 0.19293965109313105 0.47927586668432604
0.43928169305955045 0.19264970887281918 0.49062713564043975
0.43911362595939357 0.193265939100969 0.49274829877591897
0.4382107060526096 0.19428810646551162 0.48690022361106805
0.4380372161366223 0.19449220403633333 0.4748008751038125
0.43869318764843596 0.19408316603512876 0.45897737263114535
0.4385280357163247 0.19394513372110045 0.4457267203325448
0.43862039368871597 0.19361233648702314 0.43035030280044567
0.4386542231574176 0.1935298733447862 0.4150741561201079
0.43867254760872393 0.1934219958058167 0.4000656161008182
0.4385965150298331 0.19323987296234474 0.38752492700758706
0.4384558823518149 0.19348024403041542 0.37242713949213985
0.4384992078999032 0.19353030424537998 0.3573848606925552
0.4383261019082922 0.1936111513665708 0.34517686123385044
0.43853017483375323 0.19345678350165707 0.3325674601088428
0.4384746169675129 0.19349654712962588 0.32213745320597764
0.4383181428214203 0.19342753769215254 0.3202640547731271
0.43833176774050486 0.19340576221784334 0.32011136702103
0.4383302053645453 0.19340654318520417 0.3200992501923424
0.4383351532323443 0.19340448809147426 0.3201064821404207
0.4383368603716285 0.19340547501062363 0.3201043905828368
0.4383399294605461 0.19340112969220286 0.32010612939578764
0.43834438974994144 0.19340625073458947 0.32011747697849374
0.43812730452607174 0.19314087899508975 0.32210622785670656
0.43848681740955653 0.1927675043785198 0.331055319127148
0.438346491109785 0.19273635575497572 0.3322615527989002
0.43868075223078085 0.19279415525716076 0.33223300328290817
0.4384995125171619 0.19311922080060107 0.3321170273831898
0.43846396088433265 0.1934409441369868 0.33278980248734624
0.43854737538607724 0.1930326207441028 0.33266925314990914
0.4385598376750322 0.19331467266049593 0.3325651687407297
0.43856934208556414 0.193289339242936 0.33227826613089845
0.4385013160557127 0.19336294956572225 0.3326389403778185
0.43854485656242587 0.19338340732661907 0.3321646644822242
0.43825996115188837 0.19344004922080632 0.3323842023642166
0.43821968019578245 0.1933992683730104 0.3325617521357019
0.4382471946346008 0.1934080837651065 0.33261283988427875
0.438631132194801 0.19338666596886717 0.33264852574150083
0.4386809987035467 0.1932238087306529 0.33267780632056254
0.4385006973590562 0.19316643959838847 0.3326514271900695
0.43831362931894813 0.19353604451175874 0.3321304448777833
0.43819442352991966 0.19346516354930154 0.3322114658550364
0.4383923347673956 0.19329990519923956 0.3324405283080521
0.4383595426999455 0.19327537268568198 0.3323837748130444
0.43862046175438785 0.1930244012283826 0.3326089945199671
0.4386288810194807 0.1930245026762848 0.33260352077977556
0.4383772423572866 0.19354096395749862 0.33253103783093785
0.4380327495882348 0.19373960823890252 0.33209790596597927
0.4380719840489017 0.19372004950792782 0.3321227404155641
0.4381101148860225 0.19372760428360994 0.332264911514156
0.4386378944628352 0.19402048325429708 0.3339301680635952
0.43839955651423324 0.1939069120905106 0.33362714251789755
0.43841524958011735 0.19408777187418452 0.3338053386546751
0.4385070338764766 0.19372746891832943 0.3334822365514805
0.4384812816653647 0.19373153839119128 0.33339150822602615
0.4382181180317296 0.19365764336518426 0.3328099743984288
0.43849905564761626 0.19332228908509225 0.3326036565801355
0.43833882133399293 0.19359957265111633 0.3329007973062087
0.43834740894145063 0.19356929404792733 0.3328560398371041
0.4383424536733721 0.19356034544412953 0.3328262365346598
0.43834670907735296 0.19355170178872336 0.33280701207278035
0.4383476021445076 0.19354864301852104 0.3327863444673402
0.4383530425269294 0.19353782925060564 0.3327790509300539
0.4383559735466596 0.1935337774498183 0.33277340906899233
0.438356235058285 0.19353408947630465 0.33276601986318644
0.43835722266859745 0.1935318841123348 0.33276236115321645
0.43835808752160765 0.19352680271120742 0.3327531631390359
0.43836102236068025 0.19352824734984267 0.33275782414998595
0.4383632767649644 0.1935301599881998 0.3327681795490509
0.4383646133501703 0.19353582853355455 0.3327880387588766
0.4382980275771404 0.19354179056079884 0.3327631476742847
0.4385240778879317 0.19338715717470006 0.33267091501727447
0.4382951726448789 0.19372529949461825 0.33290893325822163
0.43848926778052505 0.19348418635027556 0.3332146873874889
0.4385612478497258 0.1935340534131895 0.33307799577661906
0.4384976181482013 0.19344853062287648 0.33305612431062076
0.4383360433265739 0.19349792418938783 0.33282838258069414
0.4385665906796986 0.1933177973196957 0.33295228202317456
0.4381852421798191 0.19365920119007768 0.3326330594094047
0.43851778915576506 0.19368357802492514 0.3328463611565884
0.43811049535782376 0.19390593826939334 0.33309871558752946
0.4384054630604154 0.19345353390912856 0.3332227053915189
0.43854218409988893 0.19312371776477327 0.33317601991774465
0.43854543903263593 0.19311325630613885 0.3331393986675933
0.4386139782330417 0.19311725651734693 0.3327998028176477
0.4386400054064738 0.19314309547219613 0.33281150925939096
0.43860029508724174 0.19318708498910558 0.33284422117105417
0.43845296505463643 0.1934346611830594 0.33293762403833216
0.4381425078189042 0.19354089365772004 0.33254323070266023
0.4382723272027739 0.19352899758201117 0.3325079223335137
0.43839351009181654 0.1935467994786611 0.3327840700550012
0.4379574784150615 0.1938192065614856 0.3327719988049192
0.4382764133483062 0.19380848648371796 0.333196322090577
0.4382359252911414 0.19378885112219063 0.3326827558375622
0.43853835732905144 0.1936464068379409 0.33277987019255423
0.438325306561402 0.19357451800833603 0.3324727003594836
0.43798626332234414 0.19378211195167278 0.3327003038605964
0.4384216356610836 0.19355117939520738 0.33310530983084047
0.4384652797408848 0.19344441020645342 0.3330258916375348
0.43859556900807795 0.19343283885062604 0.33289426013496887
0.43833601123404814 0.1935236805433978 0.3329950957681038
0.4384566678800326 0.19353383815241515 0.3330702404132594
0.43821895066163885 0.1937683459646684 0.33300759930629825
0.438480004792508 0.1934319349362153 0.3326233894988383
0.4381088643998248 0.19365135787548293 0.3324905920555374
0.438419900681477 0.1935758093099163 0.3324597211968656
0.4382812817200389 0.19362398178553586 0.3330513192975922
0.4387142513392647 0.19314199943880025 0.33303910438523454
0.4384253170022475 0.19308225349977393 0.33192400672572314
0.43814031415139687 0.19273706141295072 0.3317373983194457
0.43854335087387775 0.19250310140463905 0.3316835114104886
0.43849039603817297 0.19278931775869962 0.33214379082706563
0.43833670617682885 0.19302434711302036 0.3324303490395613
0.4382749597176231 0.19316652952437252 0.33232643136655265
0.43853752935578105 0.19315206634832277 0.33260591768432496
0.4383180173184651 0.1932531835161984 0.33262483357359957
0.4382640855673853 0.19325656133743113 0.3322907397185992
0.43840365881881427 0.19321761200566812 0.3320946607531877
0.4381647299593888 0.19334418784883287 0.3324155740698014
0.43831625198878954 0.19318755971436818 0.33222043026640646
0.4383155861010652 0.19333312811439082 0.3324863023969033
0.43823450198604685 0.1933428741088224 0.33237372505558754
0.438425856505007 0.1934659916063064 0.33273111074119505
0.43834876958096447 0.19324008640555543 0.33217650590119924
0.43819614582751565 0.1933973396561081 0.3324952889230543
0.4381984293160495 0.1932064829158497 0.332057219658062
0.4383796352094784 0.1933582659218822 0.33261750096127274
0.43822728835737546 0.19339881208409354 0.33231178366385106
0.43828991176694426 0.19332960831931326 0.3324287928340435
0.4381178468795643 0.19333662161029655 0.33228751382866645
0.4381003509299829 0.19317364363084374 0.33209239799116275
0.438313111756955 0.1934323799689369 0.33265000421378166
0.4383441807828845 0.1933144926011329 0.3320503553686714
0.43822527819857826 0.1935035994694741 0.3325440363263174
0.4384630521640537 0.19322819602845925 0.33254596141629417
0.4381730291990884 0.19326492267118736 0.332387471707172
0.43812423026217645 0.1934236074139376 0.3320218718050885
0.43809447445656924 0.1933251180667307 0.33238826804394866
0.4384373883703541 0.19319694482591537 0.33245307191587625
0.4384198575242575 0.19315698107531662 0.33238307545756646
0.4386105647152638 0.19321829889407713 0.3322592501022931
0.4385071707844065 0.1934481073717891 0.3330554196697378
0.4382869301612161 0.19342784669941798 0.3328161425337048
0.43792776451396087 0.1932839216659423 0.33237764057264396
0.43803267926609174 0.19338053171452263 0.3329544810481785
0.43818284440323507 0.19324522434707647 0.3329294292665699
0.43837097986778994 0.19328290546372914 0.3328123639303958
0.438030924107065 0.193372527306733 0.33256696223697846
0.4382366880443111 0.193399074207497 0.33292350486241196
0.4384213282761147 0.19332069390765352 0.33312025622784636
0.4383570015682978 0.1931708919201776 0.3324330196152176
0.43807063362020593 0.1934994930108236 0.3327725524558414
0.43839246607401156 0.19342259510219845 0.332842572227133
0.4382216324098519 0.193305663268659 0.33267657556734725
0.43824487011208924 0.1933208267308752 0.3328280943687903
0.4382528955694295 0.19357554477509498 0.332814958317376
0.4381090041322209 0.19321961726845038 0.33272200083575976
0.4382066062244543 0.19335947430079148 0.33275906136970346
0.4384652780173321 0.1930610134936972 0.3327375858384006
0.4381167485644348 0.19338531273338053 0.33252126668864673
0.4383336049152688 0.19338676660216328 0.3328152513783901
0.4383393280998701 0.19341620078990734 0.33286815459811864
0.438333741895071 0.19346657111458485 0.33270695357631064
0.43843364555354114 0.19322500472779514 0.3327814279740301
0.4384571493902449 0.19330294570513382 0.33262330052375405
0.43838883713649557 0.19358802427385988 0.33295824142836816
0.4380858031030718 0.19343216975061872 0.33270459429473836
0.4381967849654234 0.19333010238490234 0.3327504791015363
0.43842374160461683 0.1933808826755306 0.3327697052630205
0.43824198438398887 0.19324912500926472 0.33280243585713576
0.43809594648171774 0.19347365493777807 0.33272967443357027
0.438282880718009 0.19358425017579922 0.3328949028974628
0.438387330839936 0.19301911928312437 0.3326356963318067
0.43818286129309225 0.19341437913671938 0.3328107848318906
0.4384400400830346 0.19322818828908683 0.332845545098589
0.4381874181746363 0.19346956877910673 0.3327479187085942
0.4383353338784843 0.1932903696757102 0.3329321530780506
0.4383797719806118 0.19362130776137315 0.33304298149472455
0.4382375728600306 0.1932798718787292 0.33269521722750955
0.4383972766906878 0.19317767370575434 0.3329479552727817
0.4382646557275332 0.19351648938974308 0.3328843408168318
0.43839133186117957 0.1933971708796549 0.3329145205741489
0.4384263205022691 0.19344709904389293 0.3327335467611655
0.43828927654359046 0.19340571225754682 0.3328700762204138
0.43844519580425323 0.1931726887490464 0.33271028792022755
0.43850043165915914 0.19339395542715648 0.3329471942425199
0.43821251127865485 0.19338627255851207 0.3329128032228404
0.4383898299715709 0.19329819589519304 0.33289243971342997
0.43837239204211537 0.1933593568395066 0.3328984662681462
0.43839956949994136 0.19327159120008539 0.33273387972155116
0.4383570795355123 0.19372089625166375 0.3329974843000021
0.4384973403633203 0.19328357045242778 0.33271971078258944
0.43853496407354964 0.19336017301112612 0.3328982409704139
0.43854614838382955 0.19336974417179115 0.33292463398415545
0.43815401306922946 0.19338696323197888 0.33247548788001724
0.4373892287157094 0.19317018608690628 0.33247490434150667
0.43632928612707594 0.19275118456280793 0.3313211557760143
0.43559828245504273 0.19237868005117228 0.33068504706675117
0.43437978607107 0.19230751001990207 0.3301011855518863
0.4333286320527094 0.1917472430138844 0.32918648548971996
0.4318941058193981 0.1917347152027525 0.32774648429578707
0.4307834578310085 0.19096682867217357 0.3271287335591821
0.4295529052395888 0.19072208929146284 0.3260039786178739
0.429455460084206 0.19096673538188058 0.3258723066088809
0.42943359296842976 0.19098249395364483 0.3258535769302357
0.4294504964993929 0.1909249956327681 0.3258106869547392
0.4296828737306146 0.19035059164478763 0.3257087946328125
0.4300419665077784 0.18952714005325327 0.32561223684637364
0.43041437752730255 0.18860968640724163 0.3254278037044723
0.4305950306644998 0.1882326463113198 0.3253637085925344
0.43057992647805166 0.1882355129632364 0.3252428593631654
0.4311095300566047 0.18851890213334266 0.32451850197416215
0.4340446721228199 0.189748264670923 0.31739125215747754
0.43637617025904085 0.1904444105082394 0.3070040658663925
0.43708641950608146 0.19012764461003712 0.2961599431787276
0.4366696661691435 0.1902057321877178 0.2816940081808958
0.4364482913729153 0.1894439035912955 0.2685703417381253
0.43606770232336817 0.18924892094283569 0.2534445464840224
0.4357709101587232 0.18970394857003633 0.2381276038233127
0.4358789776024833 0.18941412087185322 0.22343702969975052
0.4356771594160367 0.18975069654489551 0.21138748584761569
0.43539984804117465 0.1894663078101697 0.20829003843689992
0.4352457350297626 0.18940299865883742 0.20761893748880234
0.43525374009075113 0.18940807714650862 0.20763973286196025
0.4353361694156819 0.19284859374624494 0.20795746692491562
0.432085097774151 0.20298337842340086 0.20793457117032282
0.4275450026620786 0.2179850579150061 0.20849980482862895
0.4217650894584995 0.23279413540052513 0.20899974723379983
0.4162440087265166 0.24486410187470256 0.20898958079549845
0.4106132348131636 0.2593256815352718 0.20842425280525337
0.4051074344996777 0.27409982940880506 0.20818966219017976
0.40063567721950516 0.2864443598539268 0.2085494699204597
0.3963506238087208 0.2958480788692741 0.20852689073205538
0.3967561564678269 0.2959885301075176 0.2087063751636135
0.39354977415419123 0.29563542269290355 0.20750975745515424
0.3851274508673561 0.2947778745203517 0.2104673081600691
0.36958483488844074 0.29266232059423297 0.21004069906453104
0.3542554317704003 0.28923790560352886 0.2093144650272395
0.3413603749021453 0.28640398189976973 0.20898428330981828
0.3299198093906693 0.28088421490162124 0.20897583194369812
0.3205897750424057 0.2724310784037053 0.20908572047429247
0.3121575647341002 0.2591113318420555 0.20879786004117004
0.30683931831601696 0.24414955319516965 0.20851749750980686
0.3034074159917136 0.23185146507467497 0.20856991900302638
0.301596536329104 0.22660135348152577 0.20783636337449124
0.3020522276829968 0.22628500136151825 0.19967155275342396
0.30217928301042296 0.22663284859126975 0.18467507116231602
0.3025817060114069 0.22656786248844818 0.17216332873964316
0.3023953379051215 0.2270847043901528 0.15727200937068075
0.30249441506761954 0.22679824480065652 0.14208966472153123
0.30235539710792336 0.22667491316627802 0.12703204205373392
0.30226778230394996 0.22670070270780157 0.11758826406720221
0.30207695554786435 0.22661588399480034 0.11654879768344713
0.3010179754940439 0.2216385039003095 0.11523533935812587
0.3023139176618421 0.21107706822895486 0.11677437924385022
0.30240699034273505 0.2043353406025001 0.11694180182093057
0.30220609363087103 0.2037267463856183 0.11690707141420353
0.3020317379208193 0.203550896708099 0.11675266858872228
0.30201166706554994 0.20350113283739918 0.11672400183750793
0.3020074205623336 0.20348454958407527 0.11672208637664443
0.30095612297206215 0.20264923358661796 0.12091247703168727
0.3012376217822347 0.20271114017367525 0.1277731997066403
0.3012816473451079 0.2028427385446051 0.12860537975836678
0.30184364850767104 0.20322915143761314 0.1290510312093853
0.30358832973648237 0.20401960939030644 0.12570943489881087
0.3032972119771036 0.20412598188064668 0.11320401764925445
0.30290763697641937 0.20436138477592894 0.1004004727391586
0.30257145764020293 0.20399332894668562 0.08866874075285226
0.30253114480042975 0.20406800037457656 0.08644554511889266
0.3024150563925858 0.20358882386001584 0.0746528048617834
0.30217659919715817 0.20371479670201864 0.06602936269926753
0.30272339700014106 0.2038770441022043 0.0648764215186111
0.30234646972011947 0.2035839286403529 0.06372965409441561
0.30151559529909866 0.203541778804749 0.0538657616682922
0.30184036840551065 0.20373281431741253 0.051993071635615784
0.3023893273188535 0.20389952764006009 0.052010002957379176
0.3023759688163823 0.20383929749681884 0.05199281522862852
0.3024688707094874 0.2036082868337177 0.05198547767490601
0.3024776245713038 0.20347836932231095 0.051976923229281186
0.30193470888486346 0.20422987558846453 0.05198483873432261
0.3016047868881966 0.20617273998165705 0.05173903103025236
0.30168352143144767 0.2066038250764058 0.05153721549594219
0.3019738843963562 0.20702839751499966 0.0517490847687416
0.3020146500418802 0.20714435828451466 0.05179359208174593
0.30213404438781155 0.20723837947171664 0.051787111071756056
0.3020363780203957 0.20764617584561348 0.042508271822107244
0.30253096098154036 0.20814126439830938 0.039825530556491365
0.30230871725659186 0.2081135689623888 0.03923833694749988
0.30224539473750456 0.20805039810913128 0.03899470814730645
0.30113678171387737 0.20764338331126342 0.029789640631542963
0.30201634384167453 0.20839581503512278 0.027409562005665036
0.30243920033635396 0.2082922874130107 0.027132145115564235
0.30244860618267105 0.20820852941703447 0.02711669106783146
0.3024297393708948 0.20814546280359364 0.027104548188607067
0.3023708309608146 0.20808953174193245 0.02708729107875124
0.30193916555574796 0.2079038367361512 0.026997289654138834
0.3019527983900766 0.20788882401478848 0.026997440779636367
0.3019987604220086 0.20788079802546813 0.02700335723639065
0.3020670736323651 0.20787730268579807 0.027013249342303147
0.3025773797272189 0.20803962846737198 0.027112118551178704
0.3025367208259798 0.20800887704593635 0.027101562872116458
0.3024966234115154 0.20797999301877532 0.02709135531188446
0.30242713108484864 0.20794471251329402 0.02707730479341859
0.3019511046821757 0.20776898411282416 0.026976452298827946
0.30198989816220245 0.20778497244323654 0.026985981957420427
0.3020210361099973 0.2077907676367051 0.026990343098399774
0.3023876720491809 0.20784753468215986 0.027056705434781114
0.30265407871576055 0.20783612579956956 0.0271031013739738
0.30264725065371484 0.2078024082795983 0.02709948871426951
0.3026180858676324 0.2077990538997037 0.02709690079003267
0.30258833124951406 0.20779440850930006 0.027090203616193326
0.3025631626500801 0.2077893592336617 0.0270859076315388
0.30253461254769065 0.20778461382264246 0.027079888197877544
0.30252827625272594 0.20778303577416662 0.027080292074926834
0.3025092306503623 0.20778521213694873 0.027074879542352104
0.30249874658722053 0.20778595244490872 0.02707453788615287
0.3024955113033306 0.2077928558618771 0.02707383445672995
0.3024875792046614 0.20779612554459936 0.02707264920052048
0.3024863318117167 0.20780223724660088 0.02707585302222648
0.30248016749266504 0.20780505796731014 0.027072768153666105
0.302480051569227 0.20780863538258515 0.027074457007010763
0.30247310419331996 0.20781027399590538 0.02707171215760157
0.3024708081761069 0.20781646407247123 0.027072178560740845
0.3024696010501324 0.20782067432816062 0.02707317967466752
0.3026883505620506 0.2079820203628678 0.02718174370650167
0.3104537790852136 0.20816773499081195 0.026529616202731213
0.3221549017231906 0.20760491678007667 0.02611801695202863
0.3303867889014247 0.20739541938087525 0.026344416440418184
0.3364575621146158 0.20820700899734368 0.026828808477812924
0.34047965464309937 0.2073215030703198 0.02686274955003598
0.3415330019576484 0.2078146437219554 0.027155738700615314
0.3416150620467802 0.20786774284724646 0.027199623353388824
0.3408496311079469 0.20771994366411256 0.029333036542998417
0.3417141412853495 0.20756779039150222 0.043873643960661485
0.3410507477879913 0.20725287545465296 0.05630791650887956
0.3405384102745888 0.20679258863554897 0.07095347428285312
0.34017315103769175 0.20688456779749437 0.08579058757171747
0.33987547511893107 0.2070932287737959 0.10063496057462669
0.340136727077853 0.20716909260294822 0.1133113370225428
0.3402084366075272 0.20738060084227725 0.12835287379187796
0.3404867093879417 0.20748122656298046 0.1434774324689865
0.3405149976423276 0.20758643706097418 0.15604692340821838
0.34050278247716814 0.20743685043602345 0.1709703912788677
0.34071472769983085 0.2075927973928008 0.1860126458865559
0.3403598901737869 0.20791224089444524 0.2008176117898393
0.34047469808080916 0.2078711997024109 0.21339127989876622
0.34077816472557504 0.2077236505232526 0.2285441532109312
0.3408355010150369 0.20770660612269876 0.24345229483084668
0.34108044738648935 0.2077082256673331 0.25858220609098637
0.3407417940607045 0.2080062659527831 0.273263696913984
0.3408898938579896 0.20783274461763718 0.28874604529724907
0.340755876656389 0.20803459133948277 0.29894270790552624
0.3409841989016545 0.20820379130866445 0.29974377486102377
0.3412252038541358 0.20836130482722756 0.2999913667221382
0.3413538701785394 0.20570074029751872 0.2991833272800094
0.3414025778775697 0.19450657371674016 0.3003892113054588
0.3412423189174102 0.1823135266055421 0.29993388630721524
0.3414437689004931 0.1671393322548616 0.29956024821413135
0.3413996436520294 0.15385751402921938 0.2995567865398405
0.34108894517474786 0.13871851423708384 0.2992466426532667
0.3411498858997822 0.1238111593188736 0.29912789935422585
0.3409221038986403 0.10878589983560286 0.29907438202681896
0.3410028931792058 0.09628438772031006 0.29883097757083893
0.34121461741023207 0.08333726267207106 0.29911693169385956
0.3409741968236488 0.0683882630548348 0.2991154328460956
0.3407403551273739 0.05625421906748747 0.2988628517118498
0.3403739924705574 0.041093130297369426 0.29920457851222404
0.3405506415931182 0.02575860969908048 0.298891981966818
0.3406844127188718 0.013882725462954479 0.2989031868783266
0.34075273200522016 -0.0014933202291966194 0.2989638221609931
0.3409109637742506 -0.016534450093941375 0.2991656124069767
0.34101405959430975 -0.028985112847958842 0.2991513500776871
0.3410340265402356 -0.0437922072391318 0.29914342325493404
0.3409184761326231 -0.056177253280027546 0.2991662008708859
0.34096184894613984 -0.07115901043009587 0.2990949626253472
0.3408803834074607 -0.08386996672385871 0.29911700912140277
0.34101468094458726 -0.09878976027745417 0.2991208178111517
0.3410219890417059 -0.11386311166659989 0.2991265403036074
0.3410529277241247 -0.12646522451196118 0.29917570168224084
0.3411253540231601 -0.1408999749189544 0.29916889793220053
0.341109799991802 -0.15374389150967943 0.299119560683213
0.34129991197203713 -0.16616438980278017 0.2991825595811863
0.34137841485675685 -0.17850530413297844 0.2991824397135084
0.3383137865704471 -0.1931433558253824 0.2988237485115962
0.3312343663135049 -0.20339471977642334 0.29966413044230394
0.32069901269303674 -0.21438938192581214 0.2996459869178336
0.3116697986235805 -0.2240173892560822 0.3003543053505533
0.3052899534400662 -0.23867214922195729 0.2991301853132297
0.30385794789173365 -0.25081907415437044 0.2988741075118676
0.30329868063834664 -0.26161332221786204 0.29781952683061874
0.30400937720125826 -0.26321045557020345 0.2993286753248078
0.30418817814760923 -0.26341272132751925 0.2996619251867569
0.30421174718469046 -0.2634219436354833 0.29966573030873744
0.30434980892804236 -0.26329385006395534 0.29965955291039464
0.3044306301147855 -0.2632204744191607 0.2996275471521847
0.3044551597560709 -0.2631757010022534 0.29956914489574
0.30474889242489517 -0.26326657292876926 0.2992735501308777
0.3047902159840602 -0.26328018139769127 0.29922755653277155
0.30467669993846946 -0.2631691868233498 0.2990887928137569
0.30461424144721083 -0.26310864744974277 0.2991511430998445
0.30423293275429186 -0.26285443865778774 0.29917267857669055
0.30416521707004546 -0.2627950055947104 0.2991694515125558
0.30419518012870633 -0.2628063161783117 0.29916139688598176
0.3042223427815797 -0.2628138962361204 0.2991584217976439
0.3042563920584698 -0.2628178170662323 0.2991496959104091
0.30428815344495413 -0.2628351712819922 0.2991464160709965
0.304056778208385 -0.26320740998319603 0.30323589061988415
0.3038756369193251 -0.2623332938281346 0.3114962132373445
0.30138126504316387 -0.25992097088291094 0.32189110638016266
0.3002813831903999 -0.2583152584571024 0.3262542709743444
0.3000717453316411 -0.2575939294924804 0.3283476059162377
0.2999834513041463 -0.25753604494673327 0.32891420495216134
0.298722974209837 -0.2585054534876781 0.3289408130045226
0.2902267577292122 -0.2660609277677452 0.3286144957709155
0.28327849383203574 -0.272920727881301 0.32707811180814145
0.2817083459458978 -0.27378275160998367 0.3269259794420853
0.2813422879601074 -0.2743482898983172 0.3270746822929304
0.2809278442080468 -0.27501610364716567 0.3272590318030598
0.28096850115292443 -0.275281122774241 0.3276670794409978
0.28107798875921186 -0.2749309546360898 0.32810473438543697
0.28097377346927527 -0.2749040519711669 0.3283781238883612
0.28104124481591414 -0.27510886955249864 0.32867783978340315
0.2810222405078072 -0.27532872153896043 0.32890680792015103
0.28112446345519476 -0.27552330015963494 0.3292728798928949
0.2811432329354831 -0.2758756834363191 0.3294292513406994
0.28076028629657085 -0.2757458790390165 0.3299442196229485
0.28066295206017716 -0.2761380877199949 0.33042522619578857
0.28066775690238616 -0.27640195994398087 0.330471459631675
0.28063586308924815 -0.2766421566119797 0.3308838901748339
0.28051911419246706 -0.27712239872444216 0.3311891557554397
0.2810756161110473 -0.2766619450742326 0.3313383342326247
0.28162167798355947 -0.2760427915971799 0.3310448304662535
0.28174340655536845 -0.27583212705306687 0.33061755719510233
0.2816993272420659 -0.27577938006956476 0.33025983294529204
0.2814732431828545 -0.27558863294202207 0.3296527243566
0.2810950076657185 -0.2756581272319524 0.329719866980624
0.2810183154733774 -0.2756084891155109 0.32945738098328803
0.2803193802647463 -0.2763836693438126 0.32961058474413507
0.28012782669092734 -0.2766642819957823 0.32993261383229144
0.2801999832192335 -0.2767883673811364 0.3304846734759441
0.2802431778481562 -0.2768110282972447 0.3308407978054603
0.2803321845430618 -0.2770776152788996 0.33108121636855653
0.2805288088628112 -0.27724299557677506 0.33178947138022735
0.28036785872848957 -0.2777243596148999 0.3320881408417284
0.28041617849788725 -0.27775480268156855 0.3325850942961496
0.28039651657928677 -0.27802614934980197 0.3325184150073257
0.28041408963593667 -0.27810827366845575 0.3330369715756069
0.2804242119306267 -0.27830300491825666 0.33359648884428594
0.2803080795326518 -0.27863084207134603 0.3338791373833852
0.2802035554644643 -0.2789229764482721 0.3341223507755496
0.28005672141384386 -0.2791724035862922 0.33444156878302594
0.28038437171130737 -0.27908168016606055 0.3346872594143975
0.2805344824458689 -0.27968628721892536 0.3344868494566827
0.28025234489685336 -0.27992407905596184 0.3348169864280096
0.28020149930437477 -0.2799389652852201 0.33494944156870005
0.2802221532544875 -0.27989760761872384 0.3349419307675059
0.28055612677300495 -0.27955552881782536 0.3348951767005771
0.2799865653994904 -0.2801422787365479 0.33505504747294546
0.2799965232274276 -0.2801387896053576 0.3352914405029326
0.27985771383963975 -0.28031727527480377 0.3354488060517564
0.27991448898006327 -0.2802778130415306 0.33564593171654067
0.2798070081925903 -0.2804938760134816 0.3355808353010646
0.27987285265785133 -0.280461891689599 0.33565443576191284
0.2796402965130748 -0.2807133902059182 0.33600329299070464
0.27950137851909324 -0.28098884471522345 0.3363053372666378
0.27988585306606373 -0.2814579094272448 0.33655585226223195
0.27988865966884574 -0.2819132148371688 0.33712813730560803
0.27990915183656306 -0.2821761303910366 0.3371316052239005
0.2802379900820864 -0.2825930514052014 0.33758502481710395
0.28015230561318083 -0.28284725032535074 0.3381022289969715
0.2806689427632027 -0.2833001661951547 0.33821654292134035
0.2802865112099877 -0.28382077663801536 0.338697426161514
0.2808237357436125 -0.2842572031244355 0.3391129224919679
0.2806345887770612 -0.28452464577662745 0.33912087802084595
0.28118175387936634 -0.2850970138746526 0.33974514236755304
0.28134852535452815 -0.2859082272082971 0.3401421771454176
0.2813664035232343 -0.28602202905187457 0.3406377071896692
0.2817687521365332 -0.28661694926025605 0.3409880813921323
0.2818696048860669 -0.28697924897718324 0.34112654097044026
0.28208804185904357 -0.2874017004410101 0.3411584726247753
0.28260154140325217 -0.28793126319487655 0.34170341899477774
0.28283558213261406 -0.2886706642598928 0.3421881495371787
0.2829205449436831 -0.28879524680561147 0.3424910222059893
0.2834541262181591 -0.28930892108963624 0.34269602898406454
0.28375121829009314 -0.28997142868860265 0.3429714570167443
0.28369255040962954 -0.2904085214287864 0.34334773418042874
0.2843807106188617 -0.2910691070415131 0.343531913040488
0.2845605794448382 -0.2914715157752138 0.3437627102033939
0.28494363101532877 -0.29204029216100513 0.3445358087800423
0.28533501385227 -0.2922174658634212 0.3444170945257641
0.2854504933442061 -0.29273233266115795 0.3447476713417021
0.2861756002885115 -0.29324434174276814 0.34526155180120105
0.2864055529489081 -0.29382842063826076 0.34543816250716164
0.28698255914219 -0.29448392006623836 0.34580206057419394
0.28756251707435665 -0.29500823983940905 0.34653505528625583
0.2876996314757367 -0.2951110021240446 0.34644672177157565
0.2881994186235876 -0.29584736689281776 0.3469439993186912
0.2885777276813677 -0.2963253635459036 0.34724204917985224
0.2892467226664641 -0.29675440435460276 0.3474569016962135
0.2897535723465933 -0.2974148588393242 0.3481271821765345
0.2902470639420633 -0.29814676097000326 0.3487533484935227
0.29092972684455454 -0.2984071126732109 0.34888461005031285
0.2914852225960791 -0.2990029907776418 0.34923597001677475
0.2916146889485759 -0.29932996303309684 0.34977092314229935
0.2921283519090762 -0.29984051841951675 0.35018959170047764
0.2929056883386953 -0.3002164963669315 0.35021393492956177
0.29275151424473034 -0.30032045054280093 0.3503855002981878
0.2935104984803849 -0.3010291360290971 0.349493215067094
0.29777454904510176 -0.30263782045490384 0.34205310886313317
0.30174681864318925 -0.3042567181875303 0.3349546843064949
0.3055332878436934 -0.3060099361148197 0.3275146303495547
0.30883978334070167 -0.3084851668758073 0.3203439352491807
0.31321586555819225 -0.31050849992697943 0.310977869158518
0.3169027682283127 -0.31236374411380474 0.30353193455950583
0.32059689442288675 -0.31488111027973886 0.2944108538437533
0.32363657316860484 -0.3146808987801152 0.2869071295737246
0.32901274995971075 -0.3101759733968736 0.28069311527813945
0.335005333667297 -0.3029339947346067 0.27675372724564506
0.3382581846072811 -0.29341210909723786 0.27635542078748776
0.3407544050239534 -0.2850059463140046 0.27922887273179653
0.34335381644576357 -0.27489036680731754 0.28205058911332104
0.34575037129332675 -0.26481365632445664 0.2839702442464596
0.34701226616830366 -0.25594733968822797 0.28725946573841643
0.34559303424140864 -0.25272181062243826 0.2908901113057674
0.3427255324516227 -0.2519311339323729 0.2954770704912375
0.3395122143502539 -0.2521955101312288 0.3004066487541046
0.3366174454097352 -0.2524651432992989 0.3041014525584944
0.3362007205757459 -0.2526480537768953 0.3025440115055752
0.33914236313893625 -0.2541168706300958 0.2956472974254802
0.34233446425346087 -0.2553182532810137 0.28710283375768375
0.34587367909881167 -0.2569859121853757 0.2768004236808394
0.34869510903241646 -0.2579447602239152 0.2655723051379696
0.3490792666258017 -0.2584316412208079 0.25238930562956646
0.3488843052111846 -0.2586064278705326 0.23664763179925263
0.3486935051768183 -0.2584992811161394 0.22424115639297193
0.34847844281969365 -0.25843843734764194 0.20946785291866832
0.3484268536942123 -0.2585118422215388 0.19529657769378228
0.348619725021722 -0.2580204285410553 0.1845836965970265
0.3477218977686588 -0.25680366246287895 0.18250373769145528
0.34332933107287755 -0.2470841200310339 0.1841677678331619
0.33920691335222586 -0.23699864107519875 0.1842054775799255
0.33687342160591355 -0.2351656832724056 0.18365651771514904
0.3364805027160518 -0.23453789080671925 0.18367238390100454
0.33651631308160124 -0.23445735737602422 0.18366394963858787
0.336537216855738 -0.234446627695768 0.18367076191381565
0.3365560693383532 -0.23446199629264913 0.1836813462851255
0.33670644469723354 -0.23449272935033755 0.1837776723004877
0.3367831768382409 -0.2345257464874821 0.18382904082829093
0.33460495109471405 -0.2342841805449457 0.1828254941740969
0.32582521694091104 -0.2355076061769933 0.18481202515134043
0.31600440438699223 -0.23827366550004453 0.1847841277080015
0.31431595009835955 -0.23813832451957068 0.18379968094816349
0.31391109797105937 -0.23821983404869887 0.1836268816413981
0.30775017029633844 -0.2402936738844796 0.18356978997324086
0.3012916341392281 -0.24538824323891076 0.18444546694887912
0.2997098627190214 -0.2458905004636054 0.18361825251257552
0.299503607837282 -0.24643201313280455 0.183902127866591
0.29927447846714 -0.24636890632554048 0.18389841657306027
0.29315876007103714 -0.24920550191081503 0.1840815606042009
0.290304225610006 -0.2515373229961615 0.18358812335688737
0.2901439964660552 -0.25157998982503155 0.18395146914492744
0.2898829416797098 -0.25157069924339487 0.18490099808871308
0.28931376384826946 -0.2515131523881625 0.19516414635174262
0.2893074054854055 -0.2514610592193065 0.20729787640155328
0.2894135052309066 -0.25144281296206844 0.212893024497686
0.2900106386343181 -0.25157008349017207 0.2137310997127329
0.28999472461193765 -0.25156055590104454 0.21401500605353668
0.2906905097912371 -0.2517751059875255 0.2132171628569703
0.2909236867604733 -0.25182782989552444 0.20389535760693817
0.2907731541105476 -0.25176437659101375 0.19828000933916623
0.29036350940475664 -0.25164688538991775 0.19708308654291462
0.2902556564581288 -0.25162331159486534 0.19700880572626772
0.29014329012019896 -0.2515891698459371 0.19693055316928137
0.2901451549798696 -0.251583963543241 0.19692852004572642
0.29065826036282094 -0.2517436511918397 0.19389096094308045
0.29046308389338305 -0.25158217670995453 0.18278067677861645
0.290357878674867 -0.2516346089933735 0.170946941557126
0.2900587268693881 -0.2515314743148105 0.16913069620210114
0.29050101418338165 -0.25161980300158177 0.1689306416072458
0.2904594279041388 -0.2516206275301834 0.16896939282213924
0.290117039742451 -0.25155183340635323 0.16911708746582366
0.2899630930732587 -0.2515236656599778 0.1692010322641176
0.28998002861386757 -0.25152492854954606 0.1691961872031253
0.2899945601874565 -0.25152842966516215 0.169192763588781
0.29000315987935826 -0.25153277564742055 0.1691963991831737
0.29001530176560975 -0.25153222089600563 0.16919401095387077
0.29003046943769295 -0.25153170051387497 0.16919789261649842
0.2900348755320793 -0.2515361830848478 0.1692005021760752
0.2900392972160588 -0.2515455975655986 0.16920982625781517
0.2900595504732956 -0.25157782345972035 0.16925628495877038
0.29009437014416656 -0.251599012525522 0.1692999880273453
0.29033072234589935 -0.2515021317802527 0.16940856047575248
0.2904862316833261 -0.2516665567118168 0.1694807372138234
0.29057772863577364 -0.25153602354879984 0.1694629306564024
0.2905624841606547 -0.25152219906067397 0.1694472434924481
0.2905426344667169 -0.2515170202896577 0.16941905653888367
0.29052556904304233 -0.2515113068146322 0.1693996267260102
0.2904202835794505 -0.2515389028964036 0.16913876471062253
0.29004951290496583 -0.2520256617118568 0.1696563824295517
0.29027195680882545 -0.2517234011087035 0.16923022530544576
0.29044143270483375 -0.2517180300038236 0.16954607808292912
0.2902280480507969 -0.2519037962043901 0.16952175855200888
0.290509040873068 -0.2516520349259166 0.16926459813697492
0.29058742454623615 -0.25148498730660374 0.16917884419755097
0.2900799450478412 -0.2513795074261691 0.16911939819293192
0.2903820384367732 -0.2514991407182439 0.16905147300595358
0.2904099286997252 -0.2517297144357547 0.16941913741722464
0.2902973842412142 -0.2517743276010856 0.16951190162046031
0.2904507049693141 -0.25151823248444716 0.16936948951725778
0.2904280544972438 -0.25176768273780825 0.1693949512525459
0.2900691724058226 -0.2515433720440229 0.1692820444023182
0.29012336199860234 -0.2515397409853366 0.16911630919340387
0.2903885998318615 -0.2515918039137038 0.1691275877408217
0.29005942516189265 -0.25166933321899226 0.16952486321244048
0.2901321509324156 -0.2514576810937217 0.16909161353428953
0.29049859928610755 -0.2516752536552802 0.16941588813684463
0.29023885082904394 -0.25160882995032835 0.16958005594262776
0.2901312061852844 -0.25169199395707087 0.16932683430122564
0.29034756991530825 -0.251588606714996 0.16926329400768386
0.29051724689765096 -0.2516656285955399 0.1693568181228532
0.28997422993087174 -0.2515627068266168 0.16935884954719116
0.2903682920312814 -0.2516245933595796 0.1693558145683589
0.2904780231110245 -0.2515105115818336 0.1692839576561309
0.28999075879389 -0.25160367528303074 0.16939647556037052
0.2904366227077043 -0.2518117467607908 0.16959505906228112
0.29058354521302243 -0.2515431237476863 0.1693674004375872
0.29078927582066816 -0.25169668672785694 0.16933588715201947
0.29015990351230725 -0.2516647394946395 0.1694262460458567
0.2902303113476024 -0.2513938153247328 0.16900102879032602
0.29055378333954823 -0.2516759405317951 0.16929816290516547
0.2899510230300424 -0.25169015310407694 0.1693645274910415
0.2903665413886885 -0.25169319351675545 0.16943384172080755
0.29062089060749385 -0.2517940168349515 0.1693998416992242
0.2899810747065063 -0.25153454438282263 0.16935532566476563
0.29035554480217046 -0.251776505369956 0.16952543619179328
0.2905217894023043 -0.2514467725562127 0.16915166957733732
0.29039962385030776 -0.25168620473081454 0.16934797210366964
0.290068234191144 -0.2519370329020937 0.16972635220949506
0.2901450477596983 -0.25161193001135973 0.1694102884223368
0.290137004421557 -0.2515813914845446 0.16934189479227615
0.29008130715806785 -0.251569596148317 0.16902781587580576
0.290111725225105 -0.25159305622811295 0.16908936138256847
0.2903282982785643 -0.25148090562214265 0.16918326663545558
0.2904507669646545 -0.2518503612851778 0.16946833132844863
0.2903329295287584 -0.2518033585778214 0.1694169929108164
0.28991279110575197 -0.2517129257170667 0.16957753783948723
0.289942359344474 -0.251713350656372 0.1695584971169089
0.28996814602901766 -0.251709388829809 0.16952733884098392
0.2900048477380478 -0.25171098163519856 0.16950575318525718
0.29005483065341475 -0.25171350145579535 0.16947244205917752
0.2905048189621187 -0.2517762335495588 0.1691945225855294
0.2904775075412928 -0.25176880008941344 0.16921110519875127
0.29045289436486227 -0.25176245630226046 0.16922705728760068
0.29041565265209696 -0.2517550949377467 0.1692484710358284
0.29036903027016686 -0.251749676788908 0.16927426447524968
0.2901540709334134 -0.25171664282165335 0.16940724792039577
0.28989719016989496 -0.25167490366721224 0.16955497512905307
0.2899390061694834 -0.2516749877608401 0.16951841530078174
0.2904398681956902 -0.251514458906506 0.16893122427938212
0.29029891631367666 -0.25126396166191617 0.1687296786859763
0.2902965507381121 -0.2512913399955244 0.16877538789188895
0.2903028981623533 -0.2513460385265875 0.16887750247475353
0.2904801514582874 -0.2518458009801897 0.1693558049042989
0.2902660182781463 -0.25180450379382474 0.16947552400241678
0.2898979170597597 -0.2517555952837385 0.16965832110677012
0.29009418488255484 -0.25158247870198186 0.16965609774066137
0.2900711861060248 -0.25149400895734697 0.1691488436821723
0.2902807715016974 -0.2519936607365416 0.1695700808019484
0.29026460544785027 -0.25193439105829646 0.16945505364973532
0.2903681599229457 -0.25167017987384677 0.16911943976842575
0.2906440016685408 -0.25135861226265666 0.1691741832409583
0.290638917842515 -0.25169243377844785 0.1693059071802764
0.29017056066616054 -0.25169761429152987 0.16970908409690746
0.2901954412181635 -0.2515620836844213 0.1695175305686717
0.2905536312343814 -0.2518902361991626 0.16927893634061497
0.29030677381476055 -0.25159495497727097 0.16925987054052732
0.2903865824948133 -0.2518846735135864 0.16909385563426038
0.2901265110561918 -0.2516739001331638 0.16932836729693007
0.29014988296326016 -0.25161167981174504 0.16912741989083452
0.29039010878195337 -0.25185684680986714 0.16924817112203516
0.29033505355160466 -0.25166961920811143 0.1694044243801259
0.2903146811817595 -0.2515556649473012 0.16933092470286726
0.2905026842048236 -0.25170097872658215 0.16941671950944792
0.29067773366936495 -0.25169439680353795 0.16925947315745954
0.29030388788880235 -0.2519036608285472 0.1695801794351236
0.2902932511035394 -0.25160251103645415 0.16935073140661777
0.2901078912934817 -0.25170859840559684 0.1693478655908044
0.2903302186003198 -0.25160053719577335 0.1690422774096492
0.2902851193273329 -0.25189645877249667 0.16938282363097146
0.29054081401229126 -0.2516262593962657 0.16934279688708637
0.29045817893161047 -0.2518225475285078 0.16962388158717612
0.2902242542343667 -0.25168186516718827 0.16905105578142204
0.2903181033416465 -0.25184296349082946 0.16935754529744132
0.290354617535409 -0.2517381431265863 0.1692133482307764
0.29038027164379787 -0.2516864129107195 0.1691786871091846
0.2902285067430993 -0.2517302656590472 0.16927886822833146
0.2905681858181092 -0.2517759466598999 0.1692899756704849
0.29009124513158546 -0.2516940990084846 0.16912653108169312
0.29052228782170086 -0.25193006781673166 0.16944660832494285
0.2904421559288841 -0.2517650526295466 0.16915968117595556
0.2901751526400316 -0.2517165862669112 0.1691391801093369
0.2900909725337247 -0.25160609875559475 0.16912756816067864
0.2901705656840766 -0.2518899966991562 0.16919957602691169
0.29016296100408545 -0.2517888610574888 0.1692397467878321
0.2900647714475443 -0.25185367741020476 0.16956299596710267
0.29027613282664955 -0.2516952719841519 0.16909771294809675
0.29025252386867495 -0.25192625387785383 0.16930754495434347
0.28988066568977844 -0.2517217252685534 0.16914471835968778
0.290261697704722 -0.2517514235319633 0.16928083250495612
0.29041282981703276 -0.25193440117729987 0.16912835227202178
0.2903872464552182 -0.2517831178217401 0.1691342960781364
0.29034995110764994 -0.25197213833386534 0.16912708386363548
0.29006628366531323 -0.2518823631980041 0.16921138009564907
0.290349649890501 -0.2518451992718832 0.16916603520905635
0.2900964387650821 -0.25172509170522356 0.16925671751662996
0.2903671384189422 -0.2520777637349585 0.1693339313781096
0.2903723117668574 -0.25183100235703687 0.1692118666774958
0.2901026829868096 -0.25176889688188786 0.16908905910653735
0.29020976586201347 -0.2518709784740398 0.1694234914649757
0.2902226539666932 -0.2518850162917095 0.16952827047159416
0.29007258082782217 -0.2519520150799724 0.1690300903965081
0.2900422608349796 -0.25178543448257007 0.16927900979566682
0.29036303924152834 -0.25189919647562675 0.1692244443158652
0.2902645285485136 -0.2519374359550811 0.169283681200004
0.2904742564883772 -0.25184028632932204 0.1693317074638718
0.29045350884384025 -0.2518543677323501 0.16921678451672587
0.29036466684681284 -0.25178032953398316 0.1693864609565225
0.29036404850860154 -0.2517842992277317 0.16936362435915137
0.2903707985889915 -0.25178548714888177 0.1694023400708297
0.2903769969990688 -0.25179390896280884 0.16939172158898216
0.29037953930663146 -0.2518017797266009 0.1693653292771484
0.2903783715204494 -0.25180889455551836 0.1693562595265521
0.290382414289236 -0.2518116745313904 0.16934505740516365
0.2904007135117992 -0.251818425297153 0.16941244458073057
0.2904242073036432 -0.2518273725873716 0.16949028004742342
0.2904222272023901 -0.2518298562138576 0.169481439430914
0.29042098445122627 -0.2518313228918847 0.16947842008906014
0.29041887071348427 -0.2518314642256427 0.16947793512014858
0.29041583057538434 -0.251834351393206 0.16947277488752785
0.29041163651596036 -0.2518359480788641 0.1694715852782841
0.29040918250146525 -0.251835603386992 0.1694728256711907
0.29040940219332234 -0.251840090074645 0.16947082225273064
0.29040646733440767 -0.2518384123130498 0.16946959310072093
0.2904041911165144 -0.2518340622842992 0.16946838189830746
0.2904078893892903 -0.2518405993047162 0.16946962493408058
0.29040157526559385 -0.25184164374818313 0.1694678344623838
0.2904006036861522 -0.25183895179228377 0.1694680697606853
0.29040037487996456 -0.2518419384823576 0.16946811284020621
0.2903989878244402 -0.2518443455579019 0.16946631848386728
0.2903954202862191 -0.2518447939456921 0.1694677235151263
0.29039395321090594 -0.25184339178999804 0.1694680097342706
0.29039472095878244 -0.2518463461662987 0.16946997809068426
0.29039380379013363 -0.2518463214894899 0.1694686113209378
0.29039285056200914 -0.2518448813650506 0.16946551778077626
0.29039415959063697 -0.25184447837338064 0.16946649319759755
0.29039311676082413 -0.25184739466344036 0.1694652303060958
0.2903893400452271 -0.2518494184708607 0.16946642767306674
