0.43860392864922865 0.19341747889820543 0.44783218705424677
0.4386026255456982 0.19341931861389883 0.44783683320780177
0.4386030228728847 0.19342089183817165 0.4478374739682411
0.4386020806138089 0.19342342031139248 0.4478404203572158
0.4386017299108505 0.19341830446529704 0.4478307133355479
0.43860307216976047 0.19342117535206937 0.44784102865690123
0.4386004991016355 0.1934227936220956 0.4478358453064237
0.4386061116431456 0.19341777933869458 0.4478365965264293
0.43860114694019126 0.19342127946562082 0.44783691936309344
0.4386052155281278 0.1934182174104423 0.447835842213111
0.43860321435146343 0.19342138829485744 0.4478391214380626
0.4386034714562703 0.19342168044040386 0.4478382938443719
0.43860166456744176 0.19342258040701343 0.44783494941374946
0.4386055085765529 0.19341885627877745 0.4478386540611519
0.4386008579488096 0.1934218385687957 0.4478356420120072
0.4390294606260794 0.19485730791901196 0.44775822173972507
0.43767953012885774 0.201874628888443 0.4472318030678483
0.43448405136384305 0.21189075254141376 0.44777782382261755
0.42917953005011567 0.22703644009988858 0.44812996572354524
0.42422899731844244 0.2417363380329372 0.44760840262663837
0.41776326655181306 0.2567245524848866 0.4476768073489364
0.40915457689253787 0.2701520940774176 0.44765949697463375
0.40149305972490945 0.28108891345695 0.447754053030948
0.3935654003554639 0.2918814523467154 0.447258050512691
0.3829845510675435 0.30357864710607324 0.4475311350371623
0.37154894281429923 0.3095668410829036 0.4474326234753863
0.3607600142949561 0.3093541731762818 0.44795584758370005
0.35127100769326225 0.3055264441280346 0.44780659746263907
0.3424354668862542 0.2994261089795589 0.4480415620497323
0.33737840174333056 0.2931083158523172 0.4477137556544806
0.33591045026442906 0.29077872844662983 0.447014229326428
0.33569375648312055 0.2905767311992208 0.44718818998668797
0.33576743358024813 0.2905114117063038 0.4471785731122029
0.3357961495867671 0.2904988661122476 0.4471849595232279
0.33651477595643475 0.28993891000043115 0.4446782826438776
0.33597669293690546 0.29083199591655806 0.43142581356938786
0.3365040722439067 0.2904020951586795 0.4185621446513041
0.33629548743825166 0.2904542994251569 0.40345807245881693
0.336421075928055 0.2902131755175554 0.3879583179521978
0.3362194119134762 0.29027945922940623 0.37556441576300725
0.33633118931590816 0.29018985230362226 0.36040824973339824
0.3339093429709573 0.2906301707327473 0.34539194244793114
0.32752048609978834 0.29241676285956 0.33103265438737656
0.319245121001558 0.2966147723269537 0.31594276811906363
0.31181037027524083 0.3010261075080308 0.30360525950796785
0.30214476134293944 0.3051473748033901 0.2885152193933557
0.29004851026743034 0.3057837597515044 0.27374818163553
0.2787623482640536 0.30337577097176927 0.26152199290744066
0.26420085113290886 0.29930020280108166 0.24653750354632517
0.2533299998144408 0.2953837560896315 0.2340225178409429
0.24986752745683777 0.2922855655430465 0.22495143578558394
0.2489744129087953 0.29174392816193817 0.22371019138108725
0.24937276931452157 0.2914100804550703 0.22366860298176092
0.2493330736279216 0.29142466873899625 0.2236231341784267
0.24932494906459463 0.2914269495787884 0.22358835343209574
0.24935038676997365 0.2914221501721211 0.2235193267249719
0.24865887172445375 0.2914541016943146 0.21266426233715324
0.24955657086550415 0.2913966760154119 0.19844844001016615
0.2497795559464455 0.29136209469917784 0.1860014602600682
0.24998849097499587 0.29128995280081127 0.17349715870199237
0.24969946650098535 0.28992551528073757 0.15846763658758128
0.24982991420978826 0.2855125774179724 0.15211516526115137
0.25045327143776047 0.27829442927978476 0.1515795005564855
0.2508373393755958 0.273470257571631 0.15203649870153263
0.25042000479072746 0.2726612149691009 0.15182467135410885
0.25053936464704285 0.2701075509176182 0.15191795146722123
0.2504524791102809 0.26650511836614343 0.15165690241597551
0.24897176512259184 0.2652634391814657 0.1423333588627087
0.2493544124404592 0.2648584502154272 0.1281694586768502
0.24949910590055835 0.2647385347905674 0.11504160461732957
0.25026897223312755 0.26477559544930535 0.11350884837265826
0.2506945458052989 0.2649189551627668 0.10962576555767378
0.24979571231997036 0.2651478691208669 0.09854957116890707
0.24998423663334357 0.26510628783682455 0.08333781599126559
0.24955422547693717 0.26515327342675854 0.07311277248595847
0.25020718870651154 0.2652708916684903 0.07106937274974194
0.2505368422283571 0.26526230508354787 0.07058842688918097
0.24974301281336111 0.2652363931724644 0.06027097954482685
0.24970522600903064 0.26531633428916757 0.05419497194498696
0.25000444751705714 0.26545681841854485 0.05361014104338964
0.25019783964239356 0.26552546779711905 0.053569207722016225
0.2493385236715195 0.2654075579435521 0.0432469987955046
0.24906859565996645 0.26532831453072814 0.035675809138680944
0.24948165305305126 0.2654367733124558 0.03434280280843894
0.24989408553966813 0.2654352479117856 0.03425253416939324
0.25018411797387574 0.2653480583743788 0.034121665071539485
0.2501589076632519 0.2653546180439753 0.03412208307570046
0.25012308320769294 0.2653590361454093 0.03413340101704445
0.2500259053881964 0.2653814076869595 0.03416173686739972
0.24969094997355168 0.26547099817705966 0.03428687904985562
0.2497151163844487 0.26546031141793275 0.03427457774471732
0.24975287818450154 0.26544146771364485 0.034202449365310784
0.24947553195416267 0.26509596706509997 0.02615760882651176
0.24976039798521632 0.265191281858845 0.021994272975493175
0.2498201379257959 0.26525190957751926 0.021554288088084038
0.24970797974325143 0.265332938916678 0.02109898270870404
0.2496677203978238 0.26534562242642645 0.02114703343989119
0.2496556423712466 0.2653468871939515 0.021198637471793323
0.24967424942634986 0.26534040790155367 0.021297627802805943
0.24981116006148585 0.265265437509173 0.021787050450884145
0.24980708665301732 0.2652718257014559 0.021761496174156916
0.24980096599292728 0.26527552878298316 0.021732430291149223
0.24979963930057358 0.26527852133842494 0.02171820489130866
0.24979366815625106 0.2652809233515605 0.021688801072058096
0.24978466786302086 0.26528557646855694 0.021668200567299543
0.2497833089026941 0.2652862209497731 0.0216543188963325
0.24977858215067283 0.2652906022625563 0.021643067107618076
0.24977576325040238 0.26528941017494945 0.021635665614180958
0.2497787671956027 0.26528802887416475 0.021631294714901998
0.2497767915698808 0.26528859821943185 0.0216271853924029
0.24977352188621074 0.2652881122559691 0.021627866898802226
0.24977381387798636 0.26529088372065535 0.021629322282701726
0.2497721882742369 0.2652887664646765 0.02162399421929712
0.24977161478984816 0.2652895203921925 0.021626627988905002
0.24971215394404184 0.26534627163990704 0.02107108133368435
0.2524584710400558 0.2661993835821184 0.02131269682675616
0.25754044331856885 0.26828821504467454 0.021526294948630464
0.2594523731606754 0.26893803701907654 0.02138593690405652
0.25943837251331303 0.2692133928487629 0.021380492200025015
0.25941492025374335 0.2692360404823597 0.021389781980138464
0.2594017802334613 0.26923938905535205 0.02140272269437643
0.25937654364946106 0.2692497886119082 0.021411858984020687
0.2593613515237359 0.26925599943516604 0.02142125302657573
0.2593479127775719 0.2692597063386559 0.021422858007318697
0.25934263679708297 0.26926098766449413 0.021426650743582677
0.25933403545492567 0.2692618703940151 0.021430053810536566
0.2593317605471278 0.26926408906606547 0.021433355859239323
0.259323565764394 0.26926760313009745 0.021434924831385004
0.2593208832606031 0.26926962909943253 0.0214340406096029
0.25931920167451517 0.269269099852713 0.02142753379673032
0.2593113479760677 0.26927293518517087 0.021423531742301632
0.2593148357546674 0.26927130959729983 0.021425068687632512
0.2593119831926618 0.26927491307955553 0.021435601011140008
0.25931458792297585 0.26927010896183295 0.021433562138334413
0.25931462068773203 0.2692733137607813 0.02143344614684808
0.2593158617364393 0.2692714787877498 0.021426517094737616
0.2593092835177663 0.26927483850457634 0.02142898556625807
0.25931085551612376 0.26927540764062036 0.021427605306144803
0.25930854261245995 0.26927387075870945 0.021423978389787164
0.25930861525783366 0.26927392697467123 0.021427113911823205
0.25930887474530684 0.26927481496148176 0.02142903916251207
0.25930505985659896 0.26927486341280876 0.021428375883546874
0.25930577178428904 0.2692760330429824 0.02142856834319868
0.2593091505588215 0.26927583850389847 0.021428580622998624
0.25930611603618237 0.2692762808625287 0.021427228062344338
0.25930409197055293 0.2692778917672575 0.021424029512113713
0.2593036271738378 0.2692752827627094 0.021427935307703226
0.2593104241326933 0.26927422862043926 0.021426444224828412
0.2593093740156059 0.2692744712734535 0.021425290569563184
0.2593054080040258 0.26927601760262265 0.021426971072515143
0.25930884125447534 0.26927424620730434 0.021426488684484837
0.2593036037820551 0.26927661646822404 0.021427839986780946
0.2595091365413744 0.2693549112984504 0.023496914869893432
0.25980891812349133 0.26955055508675474 0.036791292934234374
0.25997089109465643 0.26952792983255963 0.04933562027686344
0.25944867457995624 0.2695649104335477 0.0643631895970443
0.2589411275837585 0.26968007649189696 0.07946814466150043
0.2589554951433756 0.2697071560053924 0.09165533064471398
0.2583563366552265 0.269866509840891 0.10674948521131691
0.25827468724398706 0.26987210120421345 0.12177761005114249
0.2586475352431019 0.2697184534201142 0.1360298458122486
0.25889568416894126 0.2693879269945614 0.13851975914606052
0.2588308519209249 0.26924906882027577 0.13874458341559273
0.25884062276708153 0.26924563173872273 0.1388184795516769
0.25885658854152327 0.2692443798194789 0.1388494130490886
0.25906471184480045 0.2659952173673136 0.139498252725796
0.2587651931765778 0.2581663157184981 0.1393629364393655
0.2571214568768659 0.24462066011679237 0.13940851652951697
0.25495458580660746 0.22950811843568342 0.13936648332656004
0.2532687584316098 0.21667341967056114 0.13932656253804887
0.2514664232987447 0.2041589820134331 0.1394841524989708
0.24883963593551006 0.18911448405968234 0.13931909880597115
0.24657576798098124 0.17415832758148733 0.1389579380773445
0.24509593684532047 0.15894657653022634 0.13937252667645492
0.24340719460149798 0.14404920161325613 0.1391071131580156
0.24283734248326272 0.12898437578839195 0.13938640997281207
0.24280363374815697 0.11380324459089584 0.139104847165062
0.2428418206711429 0.09883405730990635 0.13908299093864887
0.2428334301446269 0.08632714470911966 0.13905936447280723
0.24214951493385756 0.07140612181982749 0.13890674907107245
0.23971527735908726 0.058895899898191176 0.13899749729627475
0.23716058767794715 0.04647165856010378 0.13899495097955705
0.2364365543367683 0.031606533485174074 0.1389348028255773
0.23651980748199047 0.019038634532235102 0.13909034610395166
0.23648129555465858 0.004133093582507477 0.13922296453734873
0.23653432528190285 -0.010908831301625635 0.13922150533083405
0.23664357766565333 -0.023536297603392237 0.13953462411625267
0.2365660942204611 -0.03840904407910037 0.13934063867549232
0.23630123807804052 -0.0504267617740532 0.14234585662355256
0.23641197561109273 -0.0657253247370642 0.15650795326942138
0.2366684079643369 -0.0808031043125383 0.1710401616241629
0.23681256828714264 -0.09184928068600988 0.1749263846998751
0.23639766545898017 -0.09505726082336109 0.1749874276787201
0.23702135222338805 -0.09952816556027295 0.1748381129438263
0.23681418272980742 -0.10913088870011217 0.17476233834037244
0.23638548881285304 -0.12371373595663739 0.174669889829798
0.235046512830567 -0.13630876991369206 0.17461122184679928
0.23313969159267656 -0.15143896935420578 0.1746363974614384
0.230542301828135 -0.16658521807114302 0.17420828495094137
0.2284811560916734 -0.17908042501076527 0.17429014801268633
0.22502586915733025 -0.19411574757472944 0.17441407340765855
0.2215627376337554 -0.20604119750395072 0.1743861910172122
0.22064630540099606 -0.2100576790786059 0.17447068363174892
0.22045993003282857 -0.21033748331769192 0.17470962629411282
0.22048578428231325 -0.21034376891470602 0.17468198866953588
0.22224883204280618 -0.2106122085304023 0.17461746986418117
0.22923108711035275 -0.21031999567506948 0.1745608178662588
0.23612406962056973 -0.20975475039893224 0.17454207207562453
0.24443667427011356 -0.20987943254931707 0.17436601046228004
0.2508509622912833 -0.20949615274884123 0.1744736004905002
0.25319531894922165 -0.20980420215770182 0.17443848656544791
0.25489979492497844 -0.20953132460082527 0.17456207679754807
0.2588981526458066 -0.20880453823805614 0.1745882955018175
0.2624924945505814 -0.20752842809471056 0.17399412054200078
0.2645694374480812 -0.20647684413910858 0.17379665976754222
0.26474681374809284 -0.2060074380032792 0.1740294021782331
0.26823409852511004 -0.20504567455569156 0.1742975361397379
0.2766503204122783 -0.20133745540274883 0.17421714047769787
0.28534379528590903 -0.19760450966222592 0.17414772994433522
0.29249497092136334 -0.19384040229060323 0.17411527382797412
0.29730919647637427 -0.19101397598321146 0.17428596341705976
0.2999749267652285 -0.18890270837275422 0.17416198620033319
0.3000098717976956 -0.1884369896902618 0.17418659315751242
0.2999371844284301 -0.18831823919656837 0.17423772155001713
0.2993886442111708 -0.18813289284496415 0.17419440566384237
0.29678667295109573 -0.1881261830339796 0.17426278982317553
0.2939806139460871 -0.18854966173600712 0.17422627689257153
0.28846666878180227 -0.1882785113905946 0.17422173887589815
0.28583767096927154 -0.18893236710262187 0.17421260021066748
0.28554665697058895 -0.18873425338169705 0.17398672803170487
0.28555494841164397 -0.18876888968751607 0.1740596732584931
0.2856127293666103 -0.18876540908174133 0.17418008000792656
0.2856231050012929 -0.18877892043297312 0.1741903988504141
0.2859585387895733 -0.188832061448356 0.17449444064030595
0.2859369505274874 -0.1888261654812478 0.17446821568997628
0.28589336581734076 -0.18881471972756014 0.1744240616126735
0.28567668796616386 -0.18876841227948865 0.17421956226182034
0.28558327152455504 -0.1887481686260445 0.17413135824863607
0.28561644947355475 -0.18874167932921787 0.1741414439194095
0.28567547876958 -0.1887415344135572 0.17483600459397358
0.285679089896116 -0.18908850649029707 0.17427621699221524
0.2856504873546919 -0.18909634601823042 0.1745664625310979
0.28589874769281887 -0.18909136329312348 0.17451800448391347
0.28585023359011635 -0.18922617746348436 0.17443680650781496
0.2856558556241814 -0.18878523703200115 0.1740490180493007
0.2858669501608472 -0.1888685465963539 0.1743282451432808
0.2856205023116713 -0.18871393349606175 0.1744860131177465
0.2859796308684233 -0.18869133408661712 0.17423592070809557
0.2854857950912836 -0.18884791515988947 0.17433090145612667
0.2853099741926274 -0.18881545116143272 0.17431280174988728
0.2859747231817572 -0.18864195138852724 0.17432003809121327
0.28552755184432865 -0.1886713369605682 0.1742993461815093
0.28579295915918895 -0.18873839639897783 0.17444561334072595
0.28571693095103684 -0.18880792233091653 0.17435851597812133
0.2858429503783172 -0.18887765423681738 0.17432335389141942
0.28561486624684357 -0.188634621045618 0.1745154928673574
0.28598205385735476 -0.18879319175484077 0.17447904076999923
0.2855486574973407 -0.18854131799754892 0.1743200791134114
0.2856958940905129 -0.1887342915504955 0.17421981852578095
0.2855694527464556 -0.18873902289826433 0.17434361801872833
0.28562338625804456 -0.18884278170502378 0.17431181059778567
0.28567731651204575 -0.18852083057400698 0.17434737450238433
0.28661915688162265 -0.1884238800492071 0.17422501619218028
0.2884613429471683 -0.18823128745097562 0.17416527946927457
0.2901694475108698 -0.1881881025232756 0.17420206731604257
0.29020726706505307 -0.1887108157045567 0.1744911385402324
0.2901218889915352 -0.18866741789509783 0.17436063559083295
0.2904810763891006 -0.18909111777268173 0.17422447802936777
0.2905243602474148 -0.18905754567155594 0.17433749196869822
0.29022468650101235 -0.18860725021076297 0.17456188565802053
0.29003482130151353 -0.18879864479842512 0.17449519053204032
0.2906314332363624 -0.18899426684843013 0.1742473689601044
0.2903415161456219 -0.18883647984793053 0.17436284310275635
0.2870034973990447 -0.18797567027589335 0.1744580910230422
0.28391972560536216 -0.18807977282811794 0.17431953848644938
0.28261830485884987 -0.18851914223746424 0.1741380156399805
0.28232536005362296 -0.1887127542291352 0.17419782944789444
0.28196997939376334 -0.18918346484184745 0.17425831948888212
0.2820118530484516 -0.1890346352228354 0.1742081636362019
0.2799481109330315 -0.1895269132848666 0.17417041282256945
0.2725582883497112 -0.19327872793691836 0.17420052506517553
0.2638978148402944 -0.19753554550486246 0.17413727909717863
0.26105256799656806 -0.1989453088739162 0.17448702489271695
0.2608314559620517 -0.19950995060503485 0.17465869740911485
0.26012328811437907 -0.1999218396934289 0.17459096871802232
0.26004569281085177 -0.19996076332824236 0.17432873778313424
0.2601563876863585 -0.1996473826326398 0.17435824647185116
0.26089387462911523 -0.19980733166603493 0.17447631292424393
0.2605607718147154 -0.1995708027516614 0.17438236897457404
0.2606456336778061 -0.19954736247123164 0.17420971031677535
0.2607175394628256 -0.199468742344966 0.17460945374980796
0.2606305636292401 -0.19945084538406418 0.17425189836294133
0.26091358719222035 -0.19948750272515037 0.1743003485591258
0.26050779383987643 -0.19932425892725814 0.17453258772823627
0.2606222180077064 -0.1993990063734119 0.17439069097607923
0.2605945809417841 -0.19940697421194567 0.1744410275198452
0.26050774659569437 -0.1994138627255418 0.17438731975870542
0.26090504204814635 -0.19943650016135048 0.17439462570232311
0.2604124466615396 -0.19913254801429547 0.17422841383189439
0.2608548108985718 -0.19986056360944798 0.16744431265671728
0.2609269015609611 -0.19953896361702053 0.15486156133759332
0.260636224372091 -0.19950388616436288 0.14258528977838153
0.2609972654582575 -0.1988835677666569 0.13676268862636468
0.26068184521675813 -0.1994426236353956 0.13651914652427288
0.26023855079426655 -0.19905301642434942 0.13668954286703755
0.2606685094254112 -0.19935984944866686 0.13687520602089448
0.26071807757386 -0.1994269325694298 0.13699040637161128
0.26046083403746073 -0.19924056897151873 0.13686747797822787
0.26065978654560146 -0.19923781312464872 0.13692629961596373
0.260782968608098 -0.19926524654831015 0.1369396030862049
0.26046773462785433 -0.19917601645473448 0.13683192221987373
0.2604886311621054 -0.1990893594673665 0.13687077754467566
0.26057491609958466 -0.1992737930290973 0.1367370285500331
0.2604915775849141 -0.1991001607904494 0.1370486288496009
0.2606157811539925 -0.1990446297828629 0.1370117055751376
0.26061947690561205 -0.19928436502809224 0.13692129828187705
0.2605273754156636 -0.19920310646060257 0.1367848911658533
0.26061253165558357 -0.19903848510321825 0.13699020946837026
0.26052634130597435 -0.19917201712715105 0.13693404093433437
0.26049748782365867 -0.1989741463905414 0.13692391113854
0.2607648747620383 -0.1992505743914387 0.13700284073147856
0.26062024937817135 -0.19948121758599235 0.13684491322418413
0.26068310050504945 -0.1991764267945158 0.1370842868497919
0.2606145622521672 -0.19917457229749175 0.1368547017396684
0.2604270448287321 -0.19937923318497863 0.13676196333411533
0.2605342344114786 -0.19901155140455196 0.1370030333926246
0.2604563558097565 -0.19915575955788917 0.13670611755980275
0.26055946630716403 -0.19937984952170154 0.13692323797144024
0.26062244615875974 -0.19940902573943425 0.13688071177873237
0.2605037638524452 -0.19917862785103696 0.1368498714430595
0.2604228044911531 -0.19916435642661073 0.13690551177995003
0.2605114812488156 -0.1993087815600942 0.13688535544148378
0.26061936411670394 -0.19902968023597542 0.13689259660735065
0.26051397244495933 -0.19912070321158792 0.13680431953716637
0.26029383930170086 -0.19948613840696133 0.13683273002411162
0.2603241952699051 -0.19903657372560837 0.13693718263736032
0.2604874515098973 -0.19909364152236622 0.1367884388280008
0.2605899067529643 -0.1989450392745639 0.1368632325823821
0.2603371411319846 -0.19921371835516852 0.13686439013559726
0.2605311802125819 -0.1993116323229694 0.13690538956155104
0.26033926816847575 -0.1992002838145855 0.13680478636457394
0.2605216474607464 -0.19940273110333437 0.1352877997534708
0.26047947688511386 -0.1993413376426786 0.12530494691870067
0.26072172115930087 -0.19919031446762075 0.12003760441602547
0.2601624009106119 -0.19885350085154524 0.11862915339955496
0.26054128436657775 -0.19922880728592693 0.11913360562598357
0.26041535732233934 -0.19877681804334957 0.11915852877641855
0.26046114498046724 -0.19926833313811187 0.11932295839543094
0.260446117033699 -0.1991478993107717 0.11920900527041303
0.2605084462562007 -0.19940863838096157 0.11933589061914951
0.2603670294582601 -0.19928322232059772 0.11933570637762517
0.2604808297563271 -0.19924175389440635 0.11928184813650655
0.26041429361836843 -0.19899230256429973 0.11925506724669571
0.2604701657686462 -0.1993275374859311 0.11917691599169947
0.2605563394732754 -0.1992302553583488 0.11945531182315233
0.2602967226439315 -0.19926432696775037 0.11916016124461534
0.2605903323412418 -0.19930196072062834 0.11940867847653008
0.26037122446922817 -0.19924314840174184 0.11924912480408797
0.2604756975033737 -0.19934207275092453 0.11916624983666099
0.260153664156938 -0.19896944739216724 0.11916315436521971
0.2608522760121501 -0.1992146273427625 0.11790498498368368
0.2602094575120979 -0.19934491445273989 0.10828442510290862
0.2609606175289368 -0.19931783966317904 0.10519009617167965
0.2605869311371527 -0.19926459626026724 0.10411956203988512
0.26032367719603255 -0.19910787999301213 0.10375747527846146
0.2599499955269188 -0.1991529583831455 0.10398617184994619
0.2602134037736794 -0.1990874468392758 0.1041682995318007
0.26044687076019085 -0.19921944478954307 0.10424986129084546
0.2601931277246707 -0.19918062867063083 0.1042019833865715
0.25998128818176663 -0.19930820776535302 0.10431310365701707
0.26024770256498553 -0.19913617399836855 0.10421063457440818
0.2602249923215129 -0.19908524489417845 0.10412892515258099
0.2602606404734545 -0.19930664452285596 0.10434247410377642
0.26049267857565017 -0.19931983655938737 0.1042770544254216
0.26034382510900994 -0.19937911192204408 0.10441200834569378
0.26032163964399235 -0.19930756152784374 0.10459800091684512
0.26023213744267915 -0.19924704669803042 0.1046868533706034
0.2603432819593795 -0.19937005765014532 0.10472233706889436
0.260345534187451 -0.19927385361968872 0.10451437704117358
0.2605892290058673 -0.19929165998088616 0.10476132773238436
0.2602949888439424 -0.19910021630485886 0.10428509921597875
0.2607817384126114 -0.19949964712021664 0.1045552014415741
0.2608047352053621 -0.19936638709612955 0.10443503706013013
0.26043938479862844 -0.19945017301505413 0.10449260030832785
0.26013766969885316 -0.19943082297853607 0.10438238917318465
0.260818645627365 -0.19949231195667932 0.10452140939247415
0.2606566767953978 -0.19928342821605863 0.10451072653395893
0.26025542678539226 -0.19932687120274795 0.10428563365609453
0.2606331401562835 -0.19965090362048482 0.10462166754385188
0.26053419487299756 -0.19953321383286837 0.10465964170712422
0.26027237036135337 -0.1994916077662409 0.10454069363497875
0.26040430190835184 -0.19936128621505972 0.10456884908540788
0.26062912096463325 -0.19938195830455957 0.10445145741209119
0.26036476145811205 -0.19937279373878408 0.10436665900349133
0.2600943144775415 -0.19958259329275632 0.10433485963765826
0.26066875214130425 -0.19952644963209726 0.10452189919986223
0.26070147737241217 -0.19946360647870726 0.10460148232616144
0.26088838649273743 -0.1995594960731788 0.10454206139443803
0.2607444602434091 -0.19936166991383653 0.10437448882729172
0.2604431348708189 -0.1994878647220944 0.10441586158666541
0.2603642694147484 -0.1993833141170765 0.10452744304923008
0.2605388378119264 -0.19960399780249444 0.10464899326840335
0.2605605278416707 -0.19949099883885846 0.10457962146142359
0.2603629942861546 -0.19946139274578306 0.10451992049292001
0.2603554385396074 -0.19935870795301863 0.10438155182068153
0.26028329220838725 -0.19957769887962884 0.10448098937466921
0.26024169944062564 -0.19929790680171447 0.10422264076125812
0.2604504747975808 -0.19939570353988112 0.10437763915681746
0.26016133200250346 -0.19946305516493348 0.10437477325684948
0.26005809289581605 -0.1993596769857206 0.10440933598046395
0.25999869527365554 -0.19943998254004486 0.10425286364574203
0.2602362968921379 -0.19958667119235868 0.10441045020249269
0.2602662620461138 -0.19942371705247824 0.10441081344813674
0.2603260477456694 -0.19948089891948656 0.10445042001252912
0.26044416042707763 -0.19930604160237086 0.10433129231019686
0.26056920511142945 -0.19947972781006224 0.10430148148305593
0.26026586429859255 -0.1993914759562293 0.10438184505366441
0.260532965002104 -0.1995711628268219 0.10439519799432584
0.26024262839274104 -0.19951951148780955 0.10448533882838747
0.2603455359065674 -0.19959559120558054 0.10439795180920299
0.26025165277028817 -0.19943756914334307 0.10434574979704836
0.2604028973216195 -0.1994204392732832 0.10447543629643531
0.2605629619535527 -0.19965626115118756 0.10442031093170127
0.26050134023438226 -0.19950064539569679 0.10458495853602277
0.2606344081635871 -0.19939903952848398 0.10458753419426835
0.2606715620965476 -0.19934729962890663 0.1045697248536078
0.26067118589205734 -0.1993435406345056 0.10455618668490428
0.26066739988514676 -0.19934490089911427 0.10455371805891231
0.2606720350347888 -0.19934265790118916 0.10454065951558691
0.2606640004838655 -0.19935016387855187 0.10453919728299003
0.2606572432703851 -0.1993524521513883 0.10453092780706609
0.2606446785672431 -0.19935894914059263 0.10452788867474282
0.26063257210884855 -0.19936837604386398 0.10452584406521284
0.2606150508308149 -0.19937883215544797 0.10451621687165528
0.2605981350222397 -0.19939659308876984 0.10451402392589361
0.2605503926725012 -0.19944449591861385 0.10451325640803077
0.2605098503686809 -0.19948758100977376 0.10451161616337823
0.2605008770865244 -0.19949543981356882 0.10451055436993947
0.2604954496067787 -0.19949589359269992 0.1045094459741168
0.260489302844388 -0.19949676147052942 0.10450603466437715
