0.43851768554804094 0.19360922903283273 0.44782756538993973
0.4385109349494013 0.19361882888192472 0.4478247392026514
0.4385135955560854 0.19361547631662646 0.4478256305017366
0.4385114918207299 0.19361802745975898 0.4478220135418419
0.4385119693087992 0.1936171080979393 0.44782581779244235
0.4385134240688712 0.19361437409679771 0.44782522547893644
0.4387182180726425 0.19336238849106974 0.4425399397800232
0.4390158382815257 0.19340159858666406 0.43080295259171825
0.43894715929448125 0.1935360334244764 0.4154553933927615
0.43886137640255785 0.19332677037769663 0.40002261717189047
0.4385609454355481 0.19358018232880891 0.3878032220602093
0.4385324124519536 0.1935551905962647 0.37240255785076243
0.43868861055772584 0.19341033231533955 0.3572609282109108
0.4385900016609394 0.1933583925031463 0.3423389647591784
0.43853990504712037 0.19346422086061565 0.32751413554979714
0.4386673678823708 0.19323166787675655 0.3150942103974387
0.4385530820662511 0.1934544572590401 0.29997826207744127
0.4382515336599879 0.19362745036699391 0.28481918957777863
0.4384993703202331 0.19353968971809038 0.27009737711277304
0.4386161871923873 0.19333020978552187 0.2550244529037987
0.43837208671081085 0.19352446959238928 0.24250107214568695
0.43821107260111863 0.1935294280285612 0.22995031833464158
0.43769058802194133 0.19369966695261887 0.21434834337906594
0.4380639046413247 0.19417540183365173 0.20206361749300733
0.43869491493773194 0.1951084132069825 0.18982620351121537
0.4385157232875616 0.19727988273549707 0.1749537310604218
0.43810221117685444 0.1993401948054248 0.1659349136421603
0.4384427669071354 0.20507968571325247 0.16616634043060577
0.43801646691953516 0.21348654279023505 0.16619924519466558
0.4335869542491466 0.23064166480962636 0.16568496140581127
0.42987791888298676 0.2421524338599056 0.16541639306415293
0.42611254264595555 0.25107586009234023 0.16530577565900922
0.4247300943793991 0.2515860852462529 0.15379727830024373
0.42445405132159475 0.2520118954385578 0.14200960569927312
0.42390672376209587 0.25214500240071397 0.13094762161718315
0.4179564418540045 0.25211744286913185 0.12979608952137828
0.4068464152374681 0.25489554870654485 0.13107607522707562
0.38933125377896494 0.2593672060948227 0.1312391977642316
0.37376520620356557 0.2615177037565941 0.13086983954091733
0.3613110602894079 0.2614776427149654 0.13081626346493375
0.34587008097925936 0.26171341154300026 0.13117665489141256
0.33658979071457606 0.2616124216746637 0.1321305989887416
0.321531461556811 0.26161514679721753 0.13156827046513755
0.3035647288571471 0.26164279012350045 0.13122344268440211
0.293017476887284 0.2616334681247157 0.13123241334242758
0.29143327044747036 0.26169045393635737 0.1309707180054512
0.28870210410504266 0.26149837126309633 0.13128919171506206
0.27679044137949815 0.2612066137307024 0.13108803377233755
0.26656295913941785 0.2604133970104087 0.13121497256857148
0.26424101320156496 0.2601160277881293 0.12894519036337543
0.26393917295164565 0.2598033552411883 0.11559743789120441
0.263804899793155 0.2599484785873173 0.10051548147592838
0.2637721114744131 0.26010675084152896 0.08767597897204624
0.264485487431006 0.2602878989113347 0.08621706710941818
0.2649388186405423 0.26039252902473015 0.08373333197173143
0.264565329739073 0.2601469805122096 0.07048178322912087
0.26420033892013695 0.260107484111283 0.0582794084026687
0.2643270895926228 0.2601274110050586 0.04307141516844737
0.26412235341699825 0.2602145674725107 0.03132312437499142
0.2645539519988659 0.26029031064872 0.02843446424816683
0.26487279803132785 0.26027251656849343 0.028605453041305306
0.2648667645470202 0.2602843931830462 0.02856296286781287
0.26483472984667167 0.2602873920191119 0.028501343601986525
0.26474516712837637 0.26031559364965207 0.028214739072589718
0.26466259654991664 0.26033964733932596 0.027989986725982633
0.2646412632714978 0.2603272822580266 0.02801573291762851
0.2646246497791649 0.2603212602264986 0.02803940302452144
0.2646030394415165 0.26030652477745825 0.028067112261602488
0.264438758508236 0.26026930734081205 0.02807365575941833
0.2644286532299655 0.26026104449506493 0.028097234555658154
0.26443427780776557 0.2602562853735794 0.028127781698899276
0.2645624079594855 0.26018705830996103 0.028645227132590323
0.26454914076568725 0.2601925018391684 0.02860303144631924
0.26453696377869257 0.26019699651821376 0.02854943621815254
0.2645167360429289 0.26020880491870674 0.028475032549101147
0.26438316986716565 0.26027894779009575 0.02792381208319634
0.2643984471004065 0.2602715873043667 0.02795638414062922
0.2644058402245117 0.26026595009523656 0.027990079714934488
0.2644107868584157 0.2602615281668485 0.02802201079099452
0.26442350458992014 0.26025795466784063 0.028060453014106194
0.2644258966596666 0.26025660971247244 0.028096864465929693
0.264443141418991 0.26024641571324225 0.028154908328447033
0.26456208877547627 0.2601816288157009 0.028639067229399656
0.26455547272521934 0.26018348708207956 0.028603640985026074
0.26453961340187093 0.260192172683528 0.028533199539135898
0.2644978941830066 0.2602149089090157 0.028341284680075483
0.2644118051852394 0.2602587817205082 0.02797898309516022
0.2644202765393582 0.26025242613511634 0.028002547760240516
0.26442871420287145 0.2602501841641506 0.028028695266760655
0.2644302254960667 0.2602477250208572 0.028047578208784802
0.2644310371779157 0.26024756401396876 0.02806583268280995
0.26444798012282456 0.2602387871765456 0.02814244026328345
0.26451643694372073 0.26020164690957004 0.028416826094803525
0.26452033870866803 0.26020089656403234 0.02840667294316308
0.26451000641135997 0.26020574191897117 0.028380391200032867
0.2645016538343683 0.2602090172311038 0.028349153712079415
0.2644967222941099 0.2602126114156563 0.028319404866377407
0.2644940838001115 0.26021353352244436 0.028303321042125972
0.2644885164407165 0.2602179311966865 0.028290297235262964
0.2644918468203945 0.2602163531627052 0.028282385460831845
0.2644898836129338 0.26021674229342123 0.028283772312064054
0.2644123058593083 0.2602044793140343 0.028326244786675815
0.2646662659178656 0.26031577810528744 0.038192652873789305
0.2647703987960611 0.2603281460173994 0.050936445570897826
0.26433968148755715 0.2604425448356005 0.06596508980882752
0.2643113279274498 0.2604108853873955 0.0808442711854554
0.2639851040415537 0.26045195514105224 0.09587126650706843
0.264047089479121 0.26047057709294974 0.11080745119341168
0.26399440252079154 0.2603177303474721 0.1258980600351559
0.26409957645619464 0.26025113366399655 0.13843310375086335
0.26367779667965663 0.26037391984743086 0.15346303777835382
0.26377106288126656 0.2602761277867616 0.16843595859486532
0.26343195571234157 0.26036511612543733 0.18348571466280902
0.26352307203383685 0.2601881304462806 0.19572836448109837
0.2637289438711623 0.26003047653741573 0.20472404473636888
0.2638991387711844 0.26002083521781677 0.20512046240160606
0.263900544171092 0.2600321807187631 0.2051635056398562
0.2639058742556746 0.2600449556240801 0.20521626604820478
0.2647725350535399 0.2619530138024685 0.20551353582813964
0.2679103824727037 0.27342054587896447 0.204719959731058
0.2757680184823484 0.2867602608284001 0.20468203104232574
0.2858510575859107 0.29385039486589337 0.20483756106377887
0.2966263664554224 0.29224836744675986 0.20531657460576194
0.3073481237329661 0.28124041790093335 0.2056645220398139
0.31418378082152926 0.26951332156496055 0.20531414027556008
0.319334040718661 0.25707963841996123 0.20464041670587715
0.323899446485567 0.24180086557883018 0.20471861929713617
0.3253090067373908 0.2292777064112244 0.20512370605339764
0.32535262297302137 0.21917400268182674 0.20516396903558995
0.3254065662267972 0.2014658797041613 0.2051172409301502
0.3254208159644933 0.19155816247191604 0.205567518031017
0.32525249948005863 0.1740056538618081 0.2054384181407465
0.3251762245225923 0.15910381987866778 0.2054505925769589
0.3250671553667438 0.14403911867753183 0.20590102039892846
0.3258434749071656 0.13151610112358542 0.20553500629972124
0.3284311629730538 0.11427355810227353 0.20568701521459182
0.33180997953372565 0.09909539335446393 0.20541531623117218
0.33418449788930127 0.08909104039669645 0.2053213413477914
0.33840867321695056 0.07161493837012525 0.205484830547801
0.3428859074224058 0.05649565110896329 0.20548482863423873
0.3460635320880895 0.046469655014515276 0.20541542979125113
0.3512265423737013 0.030823648084325167 0.2052057862145044
0.35268315975788367 0.027176182248573516 0.2035228325723018
0.3527746033214013 0.027076025816547458 0.1955156602623028
0.3525276545736835 0.02725290753695503 0.17951738615976098
0.35302233480411227 0.026961085620764227 0.17587728232486968
0.3529251585935645 0.027039951253838956 0.1754752898416913
0.3528616429779928 0.027140335963076023 0.16992426419089693
0.352244973341259 0.027556055257962314 0.1582858659134827
0.35212443818109607 0.027931631952042138 0.14749888910584538
0.35235858554773747 0.02802376836527723 0.14523458010944906
0.35252090771020783 0.02791734838222265 0.1452533167106945
0.35252553995288083 0.027916680423039533 0.14526494999475745
0.35252876952592266 0.02791709927680483 0.14527370365142891
0.3527225191564394 0.027800557773581536 0.14233587990182944
0.35265605064052347 0.027856327532020192 0.13588881305311853
0.35268863841617004 0.027827192644373208 0.1353106519400296
0.3526923275822357 0.027817935127476864 0.13531474878403632
0.35268355965333037 0.027815910831576487 0.13532611952191315
0.3526734899613555 0.027826484008948757 0.13533330660534676
0.3526641852567615 0.027832302231644554 0.13533988041645434
0.35266269383908716 0.027832982359161318 0.13534693946438664
0.35265367421374283 0.02783950076472104 0.13534624011760582
0.35264901985992136 0.027841370802468415 0.13534963274724832
0.3526443722999237 0.027843580256455114 0.1353501183427624
0.3526393399217304 0.02784654280600779 0.13535253478856027
0.3526355313134512 0.027847540000299473 0.1353502067189383
0.35262685910541725 0.027853246546443708 0.13535291536876992
0.3526244874986062 0.027854849057746434 0.13535168136407502
0.35262156278994883 0.027856196652903342 0.13535263840670725
0.35262017175975313 0.027855987299128124 0.13535232540075143
0.35261421872011744 0.027861110429707486 0.13535063232024344
0.3526117968336008 0.027860990013740802 0.13534991007506814
0.35260943996210947 0.027859854434262282 0.1353492483502955
0.3526101339636991 0.027861545124310508 0.1353528154048567
0.35260488637802173 0.027866978384418026 0.1353516315737929
0.35260474485290655 0.027866581134504465 0.1353512844964933
0.35260434616054104 0.027867131821034993 0.13535113307223587
0.35260465197014135 0.02786496812442675 0.13535211975247408
0.35259980805600716 0.02786714692817803 0.1353535585924145
0.3525986834807455 0.02786937098705078 0.13535141470444798
0.3525981990786131 0.027868440642310505 0.1353483581212422
0.35259973693353214 0.027869589978827006 0.13534976790307335
0.35259772120175403 0.02786925534609344 0.13535252217552027
0.35259623471611234 0.027870335523623058 0.13535056378225488
0.35259825322136107 0.027868874876743846 0.13535304174118212
0.35259497596900097 0.027870433040673978 0.13535162141579007
0.35259333309624613 0.027871303818803705 0.13534931598595587
0.3525956212056013 0.02787136446986528 0.13535247105170822
0.3525965924730652 0.02787043503826836 0.1353504771563633
0.352591618955798 0.027873493141467476 0.13535178487841196
0.35259541284727325 0.027872182563264125 0.13535162274277998
0.3525967048766755 0.027868757743544484 0.13535448873100783
0.35259322650339664 0.02787142462195319 0.13534979331556812
0.3525932753107714 0.027869468454076826 0.13535197815646857
0.35259379718869727 0.027874196918222502 0.13535302350356837
0.35259456889492025 0.02787019429566613 0.13535221743949769
0.3525925189920702 0.027870593891186637 0.13535344356090243
0.35259459540337146 0.027870260274544645 0.1353481321536702
0.35259504694259786 0.027871676769129855 0.13535255146290062
0.3525904057691844 0.027872890751307847 0.1353518402030385
0.3525895436821335 0.027873452294059436 0.1353525439691364
0.3525936175473765 0.027872458065833383 0.13535081410684416
0.3525927058153572 0.027871748652240735 0.13534850184202807
0.3525927066974537 0.027872320497712252 0.13535262664834335
0.35258906253660244 0.027871999731964206 0.13535188118111804
0.3525912902349272 0.02787288159402919 0.1353524214351175
0.35259223855415356 0.027871119426122692 0.13535356565345863
0.35259110025771245 0.027871607313390126 0.13535345935417098
0.3525940634074919 0.027870303330276902 0.13535326966893022
0.3525925571805921 0.027871300147743916 0.13535358680775472
0.352594484175315 0.027872098994315253 0.1353514570823837
0.3525935022443754 0.027872796287212773 0.13535169784127035
0.35258988026891436 0.027871426176584557 0.13535328448350079
0.3525950629472781 0.02786956497048798 0.13535458901319414
0.35259271721775026 0.027872948739872602 0.1353530937020484
0.3525907105852446 0.027873294256835393 0.13535175459370707
0.3525911287130502 0.02787212287360577 0.1353515336233284
0.3525945299984152 0.02787000902663099 0.13535166373134405
0.3525919423272623 0.027870684238832544 0.13535221482568285
0.35259476496774256 0.02786949617373162 0.13535143193146137
0.35259397889666677 0.027869964416774515 0.13535300914034268
0.35259396917809877 0.027870880820766053 0.13535272891173214
0.35259135379537637 0.027871710467562386 0.13535066828810335
0.35259041549185627 0.02787197435352562 0.13535212043185899
0.3525936931401315 0.027870792853167972 0.13535384445106965
0.352594940337743 0.027870203608768046 0.13535332209641257
0.3525939806173772 0.02787144547400143 0.13535560168198577
0.3525923814600626 0.027870387505404937 0.1353522884469978
0.3525935502890138 0.027870889384655567 0.13535340256477035
0.35259345831818006 0.02787090954723624 0.13535536235724693
0.3525915114323387 0.02787271113563561 0.13535358543100082
0.3525938426671578 0.027867963688476605 0.135351944008074
0.35259262212428905 0.027872616960324573 0.13535408520495681
0.3525924715127371 0.02787022993533282 0.13535458235793987
0.35259487378445625 0.027868585653028424 0.1353563906686323
0.35258931198346904 0.027869951877338553 0.1353525873168863
0.3525923753443515 0.027870357876025972 0.13535188204835077
0.3525957863275878 0.027871177148868984 0.13535323268403082
0.35259080986990554 0.02787351825651746 0.1353554231862565
0.3525907707036938 0.0278704903768502 0.13535358822104215
0.35259145930198654 0.02786845887706986 0.13535408662935644
0.35259393158333113 0.02787283924978154 0.13535414312661462
0.3525953116379847 0.02787060904255098 0.13535314064889928
0.3525883304410788 0.02787181706382949 0.13535271108882882
0.3525928285422152 0.027871349309124993 0.13535277394357245
0.352588955332434 0.027871039744798307 0.13535395792760962
0.3525928392027786 0.027871581418777158 0.1353545270903585
0.3525929718779418 0.0278699547798556 0.13535212137050695
0.3525926211327177 0.0278721038210253 0.13535433137693373
0.35259278426675705 0.027871914006090404 0.13535222913691097
0.3525910050233591 0.027871671667900916 0.13535316476604864
0.35258992586578214 0.027873268741683235 0.13535342665529748
0.3525917143279791 0.0278733480762324 0.13535038797456608
0.3525927071221999 0.027870445778071407 0.13535418408202116
0.35259229029071004 0.027871952330775565 0.13535443506309766
0.35259311442419505 0.02787114192313804 0.13535558332547123
0.3525908599693557 0.027871352651932566 0.135354160305558
0.35258896403001366 0.02787386495850254 0.13535187713229926
0.3525948171881728 0.027873157431739126 0.1353555082201698
0.3525904747792226 0.027872897828757834 0.13535351867477877
0.3525916061697628 0.0278708356663023 0.13535303174537536
0.352588512473815 0.02787204324469289 0.13535100528328936
0.3525924129898363 0.027871890413783046 0.13535305009493406
0.35259320311193687 0.027871710561542806 0.13535484688429303
0.35259187177960916 0.02786970434893077 0.13535602663984198
0.3525955780487753 0.027871022362933998 0.13535632237275008
0.35259150071532913 0.02787311441441699 0.1353535513781561
0.3525930117843543 0.027870929995913257 0.13535578996773903
0.3525899913564948 0.02787375926434374 0.13535290024363952
0.35259498309104587 0.027872464774401237 0.13535420991593256
0.3525904223393565 0.027875800025767047 0.13535146000568335
0.35259224945603307 0.027869491126450652 0.13535495062098246
0.3525937685095347 0.02786792984584223 0.1353558819967523
0.3525929783959716 0.02786810970547815 0.13535408520495681
0.3525924687543849 0.02787208524262097 0.13535317626083826
0.3525898048969921 0.027872037775175926 0.13535250060047727
0.35259408662240926 0.027870148931706237 0.13535599514475735
0.35259245966188213 0.02787192181809038 0.13535079166849617
0.3525899268093381 0.02787441723734642 0.13535489957143276
0.3525934109373283 0.02786908132577058 0.13535484688429303
0.3525934284458403 0.027871860575104018 0.1353532552693983
0.3525887139088579 0.02787498926173436 0.13535462888933655
0.35259184517272424 0.027870611181260108 0.1353561739342941
0.35259249670369575 0.02787068468165879 0.13535312380060105
0.35259109805255484 0.027871191767469355 0.1353548967762493
0.3525902439747281 0.027872376445950142 0.13535429332131982
0.3525882966443509 0.02787361129437302 0.1353566816004397
0.3525932602237067 0.027873396413210266 0.13535907889303764
0.35258967501391825 0.027872048323828835 0.1353593175918438
0.3525894024848959 0.027873245860017146 0.13535945689267811
0.3525909384838291 0.02787290628602837 0.13535902792347318
0.35259181236048764 0.027870017504538977 0.13536039574215555
0.3525889024465577 0.02787472310233295 0.1353594717611775
0.35259000675532937 0.0278708625631537 0.13536011286951244
0.35258907639901155 0.02787278885174571 0.13535993694279166
0.3525923977261173 0.02786832130498794 0.13536007777537826
0.35258963829260365 0.02787364234450783 0.13535769280545284
0.3525896601661626 0.027874453356993525 0.13536039310028983
0.35258999996480356 0.027873355926338772 0.13535945001789493
0.3525903370158952 0.02787403502914751 0.1353592097937456
0.35258715607790353 0.027876974260458265 0.13535643824179794
0.35258847394251536 0.027872766157613804 0.13536057733365037
0.3525913655739508 0.027871898325347116 0.13536119152974097
0.35259003864076677 0.02787457266049785 0.1353604367177569
0.3525903262861878 0.027871952569107974 0.13535860177524137
0.35258920921915926 0.027873012652540996 0.13535638609753614
0.3525881569921308 0.027874298953884935 0.13536021319384375
0.3525896709186111 0.02787308248647534 0.13535877478521552
0.35259382675505746 0.027874668304187944 0.13535986787052537
0.3525897589047775 0.02787072774139815 0.13536002895955002
0.35259052818297354 0.027872388389525576 0.13536206373649212
0.3525895608445381 0.027873652649592906 0.1353593764035534
0.3525913217166093 0.0278705882857503 0.1353622041624178
0.35258920005177374 0.02787387542627938 0.13536002490060547
0.3525904866618648 0.027873662353955997 0.13536139002904052
0.3525904434330709 0.027870942542621707 0.13535905175364218
0.3525884505930435 0.027871872077778623 0.13536043409213458
0.35258940011489964 0.02787386173587854 0.13536132733802755
0.35258996289476385 0.027871799067911707 0.13535869429790323
0.3525888794419728 0.027873789753521908 0.13536132190287667
0.35259123970922257 0.027874142789579573 0.13536350658760074
0.35258842341702135 0.027874076875025217 0.13536167581376782
0.35258947964139575 0.02787244060227885 0.13536143507719714
0.3525900994488713 0.027872792907617155 0.13536010042364552
0.3525921325866367 0.027874116348746272 0.13536072574313257
0.3525877473244639 0.027871198192039884 0.13535967930525386
0.35258755162278455 0.027875554796006355 0.13536209935857588
0.3525904358463911 0.027872130500812206 0.1353612072291693
0.35258874029214166 0.02787294020642271 0.13536075389198973
0.3525896254604334 0.027875133133268268 0.13536056154441536
0.35258961536287503 0.027872630172048787 0.13536165192219993
0.35258869226362655 0.027875086354753026 0.13536205430907222
0.35259102787382657 0.027874875543880226 0.13536235145636352
0.35258840164734806 0.02787286973980445 0.13536026158647668
0.3525885057516712 0.02787665555481994 0.13536008017814674
0.3525918648696499 0.027872256292075 0.13535973477416474
0.3525911581787353 0.027872652736380205 0.1353627489793448
0.35259022991720046 0.027873603305898123 0.1353619267285124
0.352587988354537 0.027874461680451726 0.1353608194635988
0.3525877592272566 0.027874785938392807 0.13536246755115147
0.35259441759110544 0.027871148618610578 0.13536219102853717
0.3525924291113379 0.027872156283178864 0.13536127726240926
0.352590799738625 0.027872894939289225 0.13536324613381
0.35259416213676786 0.02787381003616425 0.1353620437328597
0.35258837465725634 0.027876668367810525 0.13536121011388447
0.3525900374655787 0.02787082079326804 0.13536068768681728
0.35258864823532826 0.027875524873971366 0.13536117865781458
0.3525862093934482 0.027876149792984847 0.135357956220571
0.3525883964801711 0.027872776449156034 0.1353622609290697
0.35259089496408014 0.027872830590791223 0.13536354072102155
0.35258868410173394 0.02787525542331698 0.13536078939343385
0.3525908153216193 0.02787553656244328 0.13536590823846567
0.35258963820781697 0.02787306555583889 0.1353603447003712
0.35259396310676705 0.027874613553926272 0.13536385622785477
0.35258593640969316 0.02787603193395781 0.1353594005080035
0.3525930054406913 0.02787134970611374 0.13536405884107908
0.3525917483774803 0.027868742090322265 0.13535958152581412
0.3525901734819825 0.027873852952530448 0.13536218581917295
0.3525870734881586 0.027876891268840284 0.13536012118095622
0.3525895458653843 0.02787087841309685 0.13536274229936088
0.3525885900657848 0.027872999647909125 0.13536381839874145
0.3525928152788551 0.027870056152871067 0.13535873237138205
0.3525911407792002 0.027875153259361254 0.1353633381548124
0.3525904696599016 0.027871831674098305 0.13535945597638915
0.3525894070071285 0.0278703369432442 0.13536155715464826
0.35259011664325246 0.027872291443428704 0.13536159664611394
0.35259098096119634 0.027871172553492543 0.13536339342740056
0.35258940789330817 0.027871246220357346 0.13536002490060547
0.35259016739219473 0.02787261115943926 0.13536271223504234
0.35258819425564125 0.027873624172809128 0.13536181905230832
0.3525919435037772 0.02787277836613812 0.13536416938069515
0.35259280442671465 0.027870850261128663 0.13536300259903997
0.352592116812497 0.02787325616783319 0.13536054079021884
0.3525904466498572 0.02787089832032226 0.13536130612231131
0.3525912057917148 0.027872620561961006 0.13536289627316586
