0.4385738781757232 0.19352408435170887 0.4477429025558256
0.4385726514139935 0.19352501754616358 0.4477431804753305
0.43857292066451514 0.19352477697299802 0.4477421171681987
0.4385321207724424 0.1937029202085292 0.444055300080372
0.4387423982630841 0.1937952699223114 0.43207602548119645
0.43884143017568866 0.19361431425304693 0.41952289826114086
0.43865708032147 0.19363144367002472 0.40730815470259557
0.4385669970103127 0.19369156557827033 0.3918152176212669
0.4386612853300661 0.1934873977396075 0.3790071553703816
0.4383992073247177 0.19361699527090287 0.3666392395387228
0.43848634190960123 0.19339970201768786 0.35169097513933584
0.4385686528984575 0.19333483945200733 0.3388926708717376
0.4383718163658994 0.19347240446821584 0.3240237099718894
0.43853638596947 0.19343840191708234 0.3114479461742009
0.4384556089294606 0.19358445640051977 0.2991067030643158
0.4386267204643927 0.19349868037595563 0.286717167009375
0.4384163990651799 0.19346854731378382 0.2714563211830352
0.4383342195003931 0.19354616065408373 0.25659844559576045
0.4381200285991928 0.19370670305020704 0.2413430842707366
0.4380875052052759 0.19354278989948376 0.22643715123897648
0.43772539599518784 0.19367076468865585 0.2109503299334214
0.4378214781804656 0.19353298058808244 0.19582611511671288
0.43768470293819417 0.1937251852360733 0.18368589800500118
0.4382650590971578 0.19330883234629465 0.17148591967853236
0.43818123223667244 0.1935605330936871 0.15671789934830332
0.43813951711991894 0.19354621586587195 0.1440290583098472
0.43850877695414336 0.19358547395980125 0.13185142573898406
0.4382702545799597 0.19350722848181995 0.11924587361623402
0.43851749252265915 0.1934659759568938 0.10439749188719667
0.4381395504958563 0.19351820679114995 0.09152883964853602
0.43850167812746454 0.1933577043045131 0.07657700919343786
0.43798814380708784 0.1938353934443955 0.06656509120640129
0.439195211535324 0.20378186828937406 0.06602129360687849
0.4395372099304342 0.218895106194818 0.0663505097912531
0.4390998050463311 0.2318906385988731 0.0665675627435257
0.438499901169487 0.24657639979616577 0.06644440263942687
0.43794456474467286 0.25145223725911536 0.06517965929201566
0.43344422873741395 0.25144865382437864 0.06426365790443737
0.42341409445041384 0.25136224059344897 0.06579586583154655
0.410766091701875 0.25146913829849776 0.06593328716444592
0.3981699526169538 0.2511905681405601 0.06592565587610646
0.3854243229330434 0.2497127584237573 0.06613763537625097
0.3712689246904694 0.24269103228300914 0.06645492945065819
0.3575935989678425 0.23435553777922064 0.06661955729657286
0.3438087874349681 0.22585593686142247 0.06654564322760333
0.3298971833899149 0.21754450903408337 0.06637014580807366
0.3161975488549859 0.20943023178128348 0.06631312051274085
0.3044679757054752 0.20338472234644606 0.06620767055297644
0.2896283439257906 0.20057595898460134 0.06629814043636113
0.27758827002585595 0.20148780874576727 0.06643189084847738
0.26584815065341405 0.20532345548456643 0.06619003210707113
0.2569491950712671 0.20931369256556465 0.06618606066861922
0.2552834715768454 0.21050825817323648 0.06647055666313062
0.25482715532284445 0.21079784963154302 0.06617657716938785
0.2548098340855545 0.21081721495303507 0.0661740031976659
0.25325328448423207 0.2107974866484973 0.06603028060252787
0.2445554270348601 0.2086824741777334 0.06579579568486395
0.24137668253685657 0.20761698641588516 0.06604512666836478
0.24078616718837415 0.20719475934264617 0.06591019917558268
0.24080986455330505 0.2071856315832895 0.06589935437287175
0.24818864740132446 0.20998954004808645 0.06666723814225729
0.2540101881614782 0.21286221160544755 0.06617957443077044
0.2549724822674926 0.21355346056881266 0.0657537304876561
0.255003049837215 0.21360027928070557 0.06578126663628006
0.25546834757065895 0.2136222399990022 0.06642787004345603
0.25507534238122587 0.21385331423840026 0.0663949505096317
0.25476732487926934 0.21394905764330924 0.06592309768278931
0.2552111773674151 0.21514952118396108 0.06554400881013672
0.25591230273838134 0.2266558731577028 0.06575252380865904
0.2559277918772688 0.24070145372829843 0.06584461565330321
0.25575372371473243 0.2445032745431581 0.06579825620410139
0.25512678242343323 0.2454663335757274 0.0658280888111818
0.25521294168649894 0.24547184025946261 0.06600356573675778
0.25521603184223945 0.24545513708666417 0.06600414922896007
0.25509856428374067 0.2453274849186229 0.05998622841957046
0.2548393053529386 0.24515933504260856 0.04529422657936439
0.2549723345704905 0.24518763373375585 0.032630830132246096
0.25506935562343597 0.24513718914270347 0.020148938191049084
0.2555709834222935 0.24502189136765307 0.014307998709467442
0.2558024340017677 0.24508966932461665 0.013926234148418794
0.2558443380996406 0.2450755160162172 0.01390297929419661
0.25592367260794757 0.24504541599899476 0.013860779978525745
0.25616003150601374 0.24497238987333192 0.013761314104189088
0.2561350618808233 0.24497237780411807 0.013764932956255438
0.25607548809574243 0.24497269633990942 0.01376948407225843
0.25591837124915834 0.2449571641594837 0.013778147071152071
0.2558944111349285 0.24495877106681616 0.013796061316689498
0.2558967164489049 0.24496261776397787 0.013859034755955223
0.2557663544052289 0.24494903707979448 0.013858627799053716
0.2556704572938116 0.24493941170775252 0.013867751253907195
0.25566606144408116 0.24494172042007561 0.013862628841143056
0.2555094248641507 0.24498573242383065 0.01392679687249807
0.25523632078076103 0.24505600875085864 0.01400552249564182
0.25530887822820286 0.2450355911097341 0.013969947050036416
0.25582629875851776 0.24488584565355334 0.013766828625388593
0.25580066474625707 0.2448935200042202 0.013775789346826904
0.25578309653184694 0.24490094889143463 0.013786087441609833
0.2557650050971778 0.24490407018107027 0.013795392794974966
0.2557509620895875 0.24490926923940204 0.013797831426289684
0.2557312234358432 0.24491380464759366 0.013807149531353587
0.25571954130864044 0.2449178300442762 0.013812072098631348
0.2552681611267489 0.24488930838899173 0.014817505472790725
0.25555759872881234 0.24512086559909074 0.025183244462498585
0.25583405497934675 0.24512173307150162 0.03760238820627328
0.25626610469690303 0.24492793659152118 0.0528753938893249
0.2558338655836393 0.24499454278162902 0.06542249295120893
0.255427473770324 0.2450007909620663 0.08033140556186849
0.2555096804085794 0.24498490126634948 0.09267214311960081
0.25518985950139433 0.24495845064900906 0.10793810131118851
0.25516783917756986 0.24500587710547317 0.12037717992153646
0.25517254242551474 0.24506163924191873 0.1353301386865862
0.25536802109452483 0.24494691279073957 0.14776382040777147
0.2555853031977141 0.24484102607229716 0.16038948988555984
0.25491294985590884 0.24492423237418887 0.17288584844279062
0.255161889246426 0.24489317913797534 0.18290753383364441
0.2549968255440621 0.24488862364519265 0.1838939199548161
0.2552348219736781 0.2446018923952069 0.18392337859939822
0.25538868597796127 0.2377231019683097 0.18453513964000423
0.25498911948869274 0.22646590403614208 0.1843285457414443
0.25488268188362856 0.2119283166042618 0.18415236975347304
0.2546371438390042 0.20014714543066242 0.18382490377345048
0.255104685609977 0.18793759701802393 0.18392749024716015
0.2554280353897719 0.17593866206676506 0.18390367188835371
0.25538424294959944 0.1615887661418216 0.18423508600908817
0.25537128753365335 0.1495357459201132 0.1843473199510282
0.25539363809884225 0.13738299636930146 0.18368323349224905
0.2553506024437814 0.12240397990918507 0.18371018216190999
0.2553696296440736 0.10979764858115082 0.18382618056672084
0.2552273494339373 0.09503263098559453 0.18385587418438123
0.2554588146760466 0.07991388422810204 0.18402611032509764
0.25530388946658733 0.06745142924654596 0.18398388673535152
0.25527308072201277 0.052491958736817806 0.18428088691366018
0.25539586248104484 0.03996297590349049 0.18442560359590576
0.25537545146592133 0.024916254849909808 0.18424816288913798
0.2553101178490581 0.012481719895265336 0.18407704372242734
0.2553345415435121 -4.051376104846627e-06 0.18415475098624431
0.2553108187975698 -0.012374899462544595 0.18410852193863528
0.25530932326780986 -0.027439591247536213 0.18417498774743943
0.25515075002189924 -0.03977353340250536 0.18400685538059308
0.25523021217939945 -0.054742263515012046 0.1840226119575624
0.25526757646255416 -0.06732018824563417 0.18416248847791145
0.25541188914404606 -0.07992532487004154 0.18409973054316195
0.2554802353492479 -0.09484389104216885 0.18415757236155814
0.2555648051502881 -0.10983333591374726 0.1841290637234652
0.25543760143715144 -0.12471376710443785 0.1841112829836074
0.25509396561210457 -0.1371302081937007 0.18385380126290474
0.2549791930358985 -0.1521144231777361 0.18376371656073173
0.2554631390430647 -0.16725814972950068 0.18398699176061017
0.2550822095069642 -0.1750997379249563 0.18393957728741703
0.2554500303657313 -0.1762424322051011 0.18447270453958958
0.2554896773963088 -0.1763468735343547 0.18443186847575416
0.2555378081497231 -0.17635015666726855 0.1843297725653692
0.2558217382978269 -0.17648842653950658 0.183922470088397
0.2556660007069991 -0.17627672467417682 0.18386208677140142
0.2555501268655275 -0.17620161755359293 0.18379394741907437
0.25547638707205583 -0.17602551692335783 0.18379069650541582
0.25549028118457506 -0.17597859451192022 0.18381453168431736
0.2554969236671503 -0.17595079403682462 0.18382813224290548
0.2554570172129097 -0.17573069256340762 0.18383087122838973
0.2554910491884765 -0.17566079203448848 0.18384915533321328
0.2555737597110384 -0.17551032736848426 0.18385329317783938
0.2555954675484487 -0.17546702784660317 0.1838538996931394
0.25559185014491004 -0.17546618656087193 0.18385899456067326
0.2555882014948701 -0.1754711333573461 0.18385976541322005
0.2555870766371596 -0.1754694582525615 0.18386302278025346
0.25558550450121575 -0.17547234085246205 0.18386476020920345
0.25558859549513513 -0.17547595880781308 0.18386421847255346
0.255588993439327 -0.17547889624701513 0.18386242052593188
0.2555823915152321 -0.17547967779609447 0.1838680968446726
0.2555850661557961 -0.17548619414330902 0.18386690105568368
0.25558313350009987 -0.1754953323672857 0.18386365984769204
0.25558386274794537 -0.17549651684305415 0.18386979756064034
0.2555846718637649 -0.17549781913798185 0.18386917022224364
0.2555827472165758 -0.17550295382546377 0.18386897480886422
0.255587704189982 -0.17550843137809066 0.1838658566937655
0.25558395350105884 -0.17550788636643194 0.1838697533673048
0.25558292090602247 -0.17550859501928676 0.18386567149606536
0.25558491947154893 -0.17551056578116303 0.18386878754862382
0.2555830826883036 -0.17551062488742525 0.18387238415818397
0.2555795773468818 -0.17551857523476988 0.18387164365554243
0.2555831417938006 -0.17551497650660203 0.1838751965595386
0.25557693202765347 -0.17551424241669827 0.18387214512764682
0.25558133681571604 -0.17552353145809865 0.18386925115984998
0.25558104302535933 -0.175518808373867 0.18387182019703824
0.2555777233837604 -0.17552014402411467 0.18387277679819714
0.2555838891872757 -0.1755261140375461 0.18387042622503155
0.25558095909278566 -0.175525620235163 0.1838673110393778
0.25557885948699477 -0.17552266628589042 0.18387362727062675
0.25558146015947525 -0.17552268150664158 0.18386938985192852
0.25558085618168136 -0.17552494527948337 0.18386962429287973
0.2555825158134754 -0.175525628048525 0.18387234161570656
0.2555781750302768 -0.17552681987400548 0.18386836817271068
0.2555778435398301 -0.17552603166106553 0.18387149645364856
0.25558047785265825 -0.17552764888300842 0.18387185289435848
0.2555801076283273 -0.17552722927471204 0.18387138365421887
0.25558179828071426 -0.17552673483221914 0.18387455705833508
0.2555819938560957 -0.1755287882805011 0.1838717081680656
0.25557538904552884 -0.17553061292069325 0.18387143339212814
0.2555789208189909 -0.17552801567251353 0.18387007073808745
0.25557694055597047 -0.17553034282409408 0.183872661045546
0.2555823418972588 -0.17553279585436532 0.18387172323339365
0.25557806823386664 -0.17552835317284904 0.18387125630103432
0.255578479273823 -0.17552928599069378 0.1838749307893137
0.2555789176287182 -0.1755286427175684 0.18386954596802366
0.2555795119366443 -0.17553036916940662 0.18387432130513842
0.2555804159427421 -0.17553191251176636 0.1838714878417329
0.25557773197128614 -0.17552984276573452 0.18387035474009242
0.25557878904782666 -0.17553340851515314 0.18386977047073635
0.25557888737496376 -0.1755319600215286 0.18387090776408732
0.25557650478025573 -0.1755296083304466 0.18387545492830262
0.2555767203240509 -0.17553430001095288 0.18387153882123142
0.255576512555538 -0.17553415875734624 0.18386985007316037
0.2555777076901308 -0.17553424849215088 0.18387386619415594
0.2555782456837321 -0.1755323726484599 0.1838708585457297
0.25557951378948063 -0.17553165333124482 0.1838712266692804
0.2555800533745666 -0.17553417308934352 0.18387245276373154
0.2555822643703643 -0.1755317646323059 0.1838721987818411
0.2555753462022299 -0.1755274555125718 0.18387719384623957
0.25557574968715574 -0.17552800611267605 0.1838766213702102
0.25557928484157594 -0.1755308558520203 0.1838705613308669
0.2555783329492172 -0.17552625819548096 0.18387759975695353
0.2555750488230811 -0.1755328572004144 0.18387402734753272
0.2555827706802744 -0.1755324427078612 0.18387341893221698
0.2555785967895797 -0.17553534851658215 0.18387084262007225
0.2555787543566968 -0.17553118969287426 0.18387197080920453
0.25557808740999616 -0.17553019462803848 0.18387180869661518
0.25557807727093496 -0.17553065851656127 0.18387817417392166
0.25557998337886717 -0.17553011371127683 0.18387255423374796
0.2555779430296603 -0.1755301987940424 0.18387537626892375
0.2555802193275067 -0.17553203770729914 0.18387631609277422
0.2555780887647452 -0.1755319975900022 0.18387263255678718
0.2555768656757518 -0.17552976432252954 0.18387413157137536
0.25557703018201994 -0.1755273532478627 0.18387065374123152
0.255578405664129 -0.17553091305770102 0.18387383162064785
0.2555779584406771 -0.17553077390756155 0.18387350533915217
0.2555776864826328 -0.1755309545885846 0.18387414149855452
0.25558081935548016 -0.17553087601249068 0.18387133138431552
0.25557661454039965 -0.17552949899240772 0.18387105062445713
0.25557734021664746 -0.17553145034551781 0.18387470227156644
0.2555773159656103 -0.1755318433292008 0.18387215512691873
0.2555805179812482 -0.1755335220477548 0.18387104830269185
0.25557896336899566 -0.17553347196646737 0.18387340385504958
0.25557860324190884 -0.17553186553880606 0.18387364007222873
0.2555731042964373 -0.17553356192776975 0.1838718101841928
0.25557618252167286 -0.17553077609624496 0.1838730438097869
0.25557585116155435 -0.17553119542318832 0.1838719497806474
0.25557689149982693 -0.1755301722609017 0.1838760671378038
0.2555747851274171 -0.17552965922543112 0.18387263790209207
0.2555793872786901 -0.17553314954651447 0.18387160217496992
0.25557729693003084 -0.17552875775533722 0.183871497067373
0.25557498862999234 -0.17553642207056408 0.18387361727191534
0.25557651503528134 -0.17553025062072616 0.18387441460768197
0.2555765322820753 -0.17553070451726993 0.18387278954044398
0.25557915220968125 -0.1755326412977554 0.18387139744919817
0.2555776677102607 -0.17553540648096078 0.18387354585770313
0.2555777244449219 -0.17553287094282322 0.1838707287986702
0.2555808388550759 -0.1755328627005054 0.1838704802907594
0.2555780316898708 -0.17553145757447491 0.18387383162064785
0.25557577563372214 -0.1755342651613936 0.18387570351411708
0.2555759266537936 -0.1755327475077535 0.18387122622939908
0.2555743417221598 -0.1755317108299102 0.18387713560250551
0.2555769807720043 -0.17553119310836374 0.18387686029355033
0.2555759153038169 -0.17553173039140152 0.18387773093393317
0.25557864379935225 -0.17553278102938835 0.18387414296816212
0.25557104020354204 -0.17553100664960403 0.18387923770748818
0.255581253028784 -0.17553250835735484 0.18387479603183426
0.2555817568991551 -0.17553412308277594 0.18387372338008268
0.2555782724251019 -0.175531804885932 0.1838762136361113
0.2555777335041821 -0.1755346564102418 0.18387580177083804
0.25557777970542295 -0.1755317405491447 0.1838732840530946
0.25557741256280675 -0.1755308380836906 0.18387400966583908
0.25557771172861243 -0.175532362265451 0.1838742543905192
0.25557327511286054 -0.17553306769507643 0.18387263245606522
0.25557461182590846 -0.1755308069446389 0.18387614581199238
0.25557835241925986 -0.17553204234640213 0.18387336927813439
0.2555768961858698 -0.17553388276960089 0.18387220057575324
0.25557609854597707 -0.17553308494185738 0.18387538350142324
0.25557507396742635 -0.17553342305918826 0.1838713322251623
0.2555757089905363 -0.1755283346982257 0.1838762241333455
0.25558016175873227 -0.1755326377116948 0.18387373110155464
0.25557953946251116 -0.17553212548454844 0.18387153945149243
0.25557658174525 -0.17553163926489862 0.18387315669775173
0.25557451276786813 -0.1755339794340348 0.1838714465559486
0.2555740467427463 -0.175533908249705 0.1838704237746291
0.25557932633032926 -0.17553079566796298 0.1838744837455458
0.25557827637327224 -0.17553157000395847 0.18387456302815777
0.2555779265003125 -0.17553236588313473 0.18387307804469535
0.25557451593904756 -0.17553094180562806 0.18387079477820326
0.25557890041376624 -0.17553111919655706 0.18387419251023032
0.25557831186656044 -0.1755323067385848 0.18387459484240865
0.2555785671714737 -0.17553081529538833 0.18387274482292065
0.2555811505717684 -0.1755317008101205 0.18387253108687374
0.25557723136931854 -0.17553259846820415 0.1838761571883344
0.2555762973790521 -0.1755332069643592 0.18387720797616827
0.2555749572878474 -0.17553096792895634 0.18387428401854494
0.2555775945275415 -0.17553123150562883 0.18387364637944473
0.25557705430405797 -0.1755287242318429 0.1838751514562622
0.25557861324554354 -0.1755352699382749 0.1838733543179591
0.2555742260979196 -0.17552897040653925 0.18387473949266897
0.25557490262786864 -0.17553260566986478 0.18387084254649624
0.25557579826515364 -0.1755293555510125 0.18387701727929437
0.25557862778513174 -0.1755344681649621 0.18387551233886096
0.2555759088654707 -0.1755345532228473 0.18387504995372264
0.2555761425484794 -0.1755319340964181 0.18387272346233072
0.25557899136818685 -0.17553093499934652 0.18387375329858585
0.25557928395475005 -0.17553237051709333 0.1838700256926528
0.25557659846824443 -0.1755302617553932 0.18387001931426192
0.2555764577908911 -0.1755339262140379 0.1838734476013585
0.255577529642416 -0.17552517983595473 0.18387441286132455
0.25557462719296076 -0.1755305567917233 0.1838752060087201
0.255581559566667 -0.1755339989344991 0.1838760654073318
0.2555772521963092 -0.17552959904279164 0.18387592513722548
0.2555733702257347 -0.1755326835447915 0.1838754972444282
0.2555816113005483 -0.17553287177955684 0.18387236122734044
0.255574297567481 -0.17552995276818628 0.18387580409304147
0.2555788188928863 -0.17553263430190608 0.18387416340639867
0.25557702401044446 -0.17552963094046947 0.18387533669780023
0.2555757300894188 -0.17553170232687454 0.18387235211029548
0.25557745213416794 -0.17553009582396115 0.18387228521445478
0.25557352945465206 -0.17553350896421993 0.18387146010299255
0.25557814804643675 -0.17553384749967893 0.18387457620492134
0.2555768007054791 -0.17553530162462763 0.18387246772233856
0.25557793101454873 -0.1755311312246048 0.18387325011068156
0.2555788192540082 -0.17553277952845298 0.1838727599149001
0.25557707331331236 -0.17553180977068572 0.18387580950560395
0.2555800263573606 -0.17553372844156942 0.18387490202116183
0.25557668639804854 -0.17553422125254153 0.18387555703957387
0.25557758319428076 -0.1755316291001245 0.18386964439514222
0.255573971586976 -0.17553274472017888 0.18387374574999596
0.25558050177919434 -0.17553018396260142 0.18387416340639867
0.2555770194307603 -0.17553317698426224 0.1838730093462489
0.25557556627016337 -0.17553324304950546 0.1838723334650365
0.2555800812309432 -0.1755328802189789 0.18387290786877544
0.25557843407617004 -0.17552928313031782 0.18387329272669778
0.25557530183757393 -0.1755309153909031 0.1838744404891231
0.25557781923556666 -0.1755312416317718 0.18387556151261794
0.2555734467302516 -0.17553296300541904 0.18387397957976526
0.25557609854597707 -0.17553308494185738 0.18387538350142324
0.25557741146854573 -0.17552811304798688 0.1838740432567499
0.25557572545482554 -0.1755320348345173 0.18387362628253578
0.2555755992683387 -0.17553726665891067 0.1838755033062635
0.2555772271857 -0.1755333182611723 0.18387469809623114
0.2555780887647452 -0.1755319975900022 0.18387263255678718
0.25557795154840035 -0.1755324642166268 0.1838767816437028
0.25557777941001986 -0.17553115551953655 0.18387513550822232
0.25557643911341216 -0.17553068042682168 0.18387416211816213
0.25557788590906844 -0.17553197018778594 0.18387442006598018
0.25557840030998924 -0.17553532944633318 0.18387500077981153
0.2555775945275415 -0.17553123150562883 0.18387364637944473
0.2555793504144244 -0.17553164682667027 0.18387713656117655
0.25557982851427585 -0.1755323338117792 0.1838722834064783
0.2555739677718336 -0.17553362887356228 0.18387192211015915
0.25557798146591104 -0.17553079336332106 0.18387282314663836
0.25557775458240306 -0.17553065488329606 0.1838741342657636
0.2555772865321253 -0.17553233528658982 0.18387231158705497
0.25557818787171654 -0.17553393361302244 0.1838750022115827
