0.4390993620664233 0.1930701566104859 0.4476424253201498
0.4385900496792891 0.19345058933602066 0.44764823786173563
0.4384699030062617 0.19373068695889406 0.44765526005495715
0.4384790046260367 0.193719436917704 0.4476751816488913
0.43849468549902987 0.19370139338270148 0.44770665682492305
0.43850595945158843 0.19369444810904954 0.4477076573262361
0.4385320615638518 0.19367415461049714 0.44770771078720434
0.43854684312757214 0.1936597548781131 0.4477030680834325
0.43856073692094966 0.1936468574853442 0.44770866452219776
0.43856631191538054 0.19364558805399196 0.44771162980500273
0.4385723247075249 0.19363655435665358 0.44769980176557833
0.4385824866863204 0.19362175260556702 0.44770188018490326
0.438584886994215 0.19361877498633062 0.4477032788509317
0.4385863737638235 0.19361709906598606 0.44770606015814984
0.4386230600344678 0.19360642695037855 0.4477007401877646
0.4392085347021339 0.1980177891644674 0.44737107811707544
0.43713201946007574 0.2081401664667371 0.44747423514692347
0.4329305473782938 0.22304687436890558 0.4474741307112569
0.4292886470547999 0.23576495550229176 0.4475637656849477
0.4246442796815784 0.2507903588109615 0.4476607764121203
0.42006155632708186 0.2636275711827649 0.4473834071813165
0.41625102768381206 0.27249157609844266 0.4474789707374815
0.4120161054906342 0.28162536177905517 0.4476777200067571
0.4091929127916076 0.2863752984259198 0.4473371927743389
0.4087050102724012 0.28725375829732885 0.4462901035504844
0.4080710202898405 0.28805264972450806 0.432720857557639
0.40870411149601654 0.2873545784140352 0.4172818611243957
0.40869837571967166 0.28726948897682064 0.406759066143119
0.40888809112970237 0.28695691937873913 0.3892336498145311
0.4091479411058646 0.28659117833841596 0.3765041105413635
0.40897655885682666 0.2867136544137902 0.36415835238479294
0.405334891640628 0.2865631479819698 0.346875817447701
0.3963495630296037 0.28694958040014884 0.3323738767057768
0.3857887909357822 0.28818260432086423 0.31995373566338164
0.3708164696068233 0.2902377962310862 0.3050517425791468
0.35844290685094493 0.2916117467929881 0.29243346404594145
0.349275622125813 0.2922254045778684 0.2798466511419184
0.34339283256371 0.2925715721870087 0.26443088437383183
0.34214472269332574 0.2931756050010012 0.2494101263078994
0.3409547713846497 0.29309280174708935 0.23419853298616994
0.3324542158324532 0.29160136213881427 0.21969974612594778
0.31831727926227826 0.28871753904282416 0.20526897751754028
0.305052030389456 0.2858424463178004 0.19287644450956243
0.293079332785846 0.28169078062580455 0.18053505150834892
0.27845232974053347 0.2762270990745883 0.1651239924453369
0.26342835892324 0.2712015943188894 0.14985688467714295
0.2577887213703025 0.26911265450890776 0.1413818489179383
0.2561021254843203 0.2684585749083912 0.138296355255473
0.25614202221330135 0.26852662143681527 0.13827746004281616
0.2565321521401976 0.26778982981703886 0.13890890303163925
0.24869025513914006 0.263100125406884 0.13863476716456533
0.2374205830408776 0.2564267387796482 0.1385505145154099
0.23059970409550679 0.2517848738425847 0.13844731488724563
0.22881943156448878 0.25087075351344146 0.13894427157999578
0.22862158329482363 0.25055384417483695 0.1386529236050905
0.22828633687767141 0.2501195692744269 0.12731089621286792
0.22844066326375517 0.2499611980837027 0.11517750641831015
0.2283414817188574 0.2500231458741965 0.10250453239996711
0.22881630642359435 0.2501279594943795 0.08740763576731922
0.22830883407853417 0.25040563900405083 0.07868591861320266
0.2289681980055646 0.25054164080414676 0.07578322647376018
0.2290980841574506 0.2505286446271523 0.07610834967055387
0.22895624380914278 0.2506520633391938 0.0760724256126324
0.2289208032638353 0.2506734972609618 0.07602511900315462
0.2287153042103881 0.25078066752312317 0.07550302570411803
0.22871731708326448 0.25077038574994587 0.0755355563468553
0.22870761856434052 0.25076037250449423 0.0755724026458836
0.22863391130689298 0.24813861344742455 0.07710825189332268
0.22799365831966467 0.23518956206557312 0.07642809410442658
0.22656148103850127 0.22004888101278897 0.076133927378392
0.22583537743886414 0.2126129983492807 0.07623988895016087
0.22649254337810487 0.21082715269475627 0.07610586381398382
0.22583086365008478 0.21097480539038177 0.07778860757203952
0.22710399443290183 0.2108136589867554 0.089094403268847
0.22708379287533792 0.21096363729155448 0.09915720229493521
0.22706634430664768 0.2108913745820112 0.10120094653937578
0.2267405947113128 0.21093091020593985 0.10135535042740283
0.22659542431604385 0.21098537963910113 0.10138277882370848
0.22655213035564653 0.21328853442955964 0.10099863966812857
0.23475024315234683 0.21588773344160905 0.10154075521719881
0.246572296684328 0.21937496737349005 0.10156252231288082
0.2582937235670921 0.22510031229756555 0.10168616918142792
0.26149351677227245 0.22709164298426354 0.10131091786824972
0.26304722947318326 0.22721665436489774 0.10046209933174383
0.2622006440600708 0.22747424386925233 0.08798645824357247
0.2620391858542388 0.2273438613681797 0.07315661753174615
0.26232960302456687 0.22721091285695272 0.060594319289950266
0.2620028403725013 0.22728097106511563 0.04831206270910156
0.26208931447588396 0.2272750275483657 0.0400988121949505
0.2625684886388831 0.22727785490583155 0.038915632565444884
0.26266205960969824 0.22727890369099235 0.03890354168788603
0.26267182638269804 0.22727738044759416 0.038897869169047805
0.26246706220445115 0.22724916712028448 0.03299796595986864
0.26159208715259696 0.22721055541903767 0.019929436098412884
0.2621193739120299 0.22722878824190912 0.017204952102045618
0.2624728449639722 0.22724317994819337 0.016936897071337262
0.2624831861149554 0.2272399112423703 0.016926203425706672
0.2624769199170719 0.22724231691023725 0.016921611314010765
0.26246588919536296 0.2272412565256952 0.016919157746199717
0.26244194680194927 0.2272447193443399 0.016916431655800257
0.2624342789049109 0.2272410660876734 0.01692162618414965
0.26241773757074527 0.22724156089470904 0.016919199601564048
0.26240366859501474 0.22724073212738594 0.016917564402793638
0.26239690967291857 0.22723997496334924 0.016919588920432674
0.2623892370141403 0.22723898679201632 0.01692301712445037
0.2623821883208181 0.22723655517375846 0.016921904529723735
0.262374266634662 0.2272370432104916 0.016923971891988857
0.26236866491598443 0.22723715500671315 0.016922206410838535
0.2623631749970533 0.22723618358758865 0.016922579978806248
0.2623570604897554 0.22723381931226305 0.01692469665425017
0.2623504208017915 0.22723519530131434 0.016927603882361954
0.2623447944731051 0.22723559839025023 0.01692102047703671
0.26234233843510113 0.22723283638764552 0.01692347238462358
0.26233831296705995 0.22723011039554847 0.016924503763978038
0.2623269310791738 0.22723256518762852 0.01692504724937184
0.2623246035215957 0.22723081909808443 0.016924288442292993
0.26231880871770047 0.22722920772085192 0.01692276472729827
0.26226926579410104 0.22723286411791296 0.016931140867462554
0.2621500306478631 0.22723035447717582 0.016931448885943546
0.26217323585489155 0.22721893356589873 0.016894508512147972
0.2621728128346368 0.22722110734358958 0.01689293429730372
0.2621722973492391 0.22722210903372314 0.01689414712024647
0.2621747501593405 0.2272214302134239 0.016892645788557793
0.2621805291360324 0.22722010723927868 0.016892434953415497
0.2621801475210013 0.22722339614399611 0.01689353713216168
0.26228027820077227 0.22722362058044254 0.022975887722745628
0.2626906942860439 0.22722281291860685 0.032416106198968
0.26252362914903105 0.22722591996745536 0.05029735016764689
0.26271892246492823 0.2271938808395138 0.06527314328240724
0.2621107594602165 0.22741598731558765 0.08016318209756754
0.26193923966527716 0.22750391661030445 0.09054607992070424
0.26217623077430097 0.22666319141795788 0.1026690796212576
0.2619383396153125 0.21921225200447206 0.10445759662950364
0.2607481534980284 0.2026210881325085 0.10475044476780516
0.2609592030188699 0.18735079395700072 0.10467643670823917
0.2615746291923714 0.17198804733577094 0.10462260746455972
0.26185025602288475 0.15929311388335482 0.1045322565565489
0.2618321303126445 0.14423987034470273 0.10472293574720327
0.2619499908439252 0.12912488082716697 0.10447140171610649
0.26211332751359384 0.11644726509538456 0.10473916256266039
0.26188016980497997 0.10171161064666771 0.1045407721657634
0.2619284001324056 0.08921413760439413 0.10477027537186674
0.26196880110863513 0.07409689864228276 0.10455604571667555
0.2615675009021407 0.061844697376840826 0.10387432056931059
0.2598344510081546 0.04734583163917347 0.10445122962844429
0.2580837241139128 0.03720834533911235 0.10431318087984752
0.25569847166940873 0.02769414093048124 0.10458661059212462
0.2536246864095461 0.019144341708375576 0.1043956745223891
0.2501827714747439 0.005170723857764084 0.10433037187074069
0.24591884906457034 -0.00974674478313274 0.10449189966089839
0.24157058171368667 -0.024779537080816427 0.10462822027638603
0.23808909881271256 -0.03512026047577345 0.10485354976924208
0.23778977909037666 -0.03664540725142135 0.10458177152024965
0.23783558527796095 -0.03671630095278791 0.10484000992304879
0.23804342811048892 -0.03724272664702459 0.10450511519337508
0.23801942869326287 -0.04502136083397225 0.10453803932343343
0.2377201921844132 -0.059260030338908656 0.10478644969371431
0.23781910784126004 -0.07436918622397011 0.10475300687870001
0.237748308821979 -0.08584713546106265 0.10473306387496502
0.237906003122372 -0.08801682265484677 0.10463982259870284
0.23803748716731685 -0.08824043428892732 0.10456757399918659
0.23805241860962645 -0.08822714921931624 0.10455722137870191
0.23805756358539754 -0.0882538026411315 0.10456087216424707
0.23837741168292695 -0.0956353059008413 0.10457240708666644
0.23779131369953327 -0.10728236007212823 0.10469616848416635
0.23782571237044595 -0.12087345725336086 0.1047840555527974
0.23769002265077266 -0.12448868986731992 0.10483222960473239
0.2378824329515983 -0.1250558696301648 0.10466906701093175
0.23793542046706007 -0.12515022731814412 0.10462553289048879
0.2379491507058088 -0.12514589957300665 0.10461733596053535
0.2379480748528929 -0.12513063540264902 0.10461079867660215
0.23795252368057007 -0.12510735552105462 0.10460853385760908
0.23795318220425193 -0.12509271616399226 0.10460748602498195
0.23795383938097023 -0.12506858800915904 0.10460390589817645
0.23794807496154424 -0.1250365848509471 0.10460646407845427
0.23786301223744888 -0.1248674724528571 0.10463882157936331
0.23787148222565255 -0.12485546470766075 0.1046385008410152
0.2378760660405457 -0.12485012619364078 0.104637612786594
0.23787448375125714 -0.12484221491587418 0.10463661479141428
0.23787753975844023 -0.1248361959721446 0.10463481452227667
0.23787556970408702 -0.1248297914119218 0.10463587550713924
0.2378802521265641 -0.12482600539291246 0.10463589944210773
0.237881429446108 -0.12482000436867213 0.10463769555568
0.23788235818012643 -0.1248159153025933 0.10463338982748425
0.23788578409517536 -0.12481086027459962 0.10463656151843558
0.2378840159768907 -0.12480543578599165 0.10463302489180032
0.23788727175570756 -0.12480343435583852 0.10463428103735437
0.23788562575419783 -0.12480013733113131 0.10463811433162667
0.23789486647359046 -0.1248225731112168 0.10463341435599177
0.23812339398285742 -0.12779382327683117 0.10475412361597801
0.23551112182831413 -0.1360233615217613 0.10455364744196616
0.23479466293367857 -0.1384967345096637 0.10493074900080275
0.2347203423305167 -0.13900192539377063 0.10456131784571655
0.23465559917321677 -0.13942991259231768 0.1045710760870299
0.234943782956853 -0.14219283286305462 0.1048150263547136
0.2346952789096582 -0.1512998980340455 0.10480004077316227
0.2344229690836936 -0.16314891318354416 0.10474656044381488
0.2346432703853802 -0.17775739538131324 0.10479146846906343
0.23480181653566568 -0.18248352543779603 0.10475719709566278
0.23494613578691873 -0.18341582890729824 0.10492374377950307
0.23499137635056058 -0.1834755522117189 0.10490384769464832
0.23500913065726026 -0.18349528566626308 0.10482689255481706
0.2352891141573243 -0.1836116382995206 0.10438486565706996
0.23527094038730217 -0.18355861675222945 0.1043828569285996
0.2351324418416005 -0.18335505665147056 0.10444415131263182
0.23503101722568254 -0.18314883672217785 0.10438218715857903
0.23502485696698883 -0.18307713184334265 0.10435937146216195
0.23496936308140093 -0.18293475211386684 0.10437605552833334
0.23495994065524994 -0.18291921371712483 0.10438925141580807
0.23496412167325198 -0.18290658297824877 0.10439931841543694
0.2349591896887851 -0.1829004728574351 0.10441154416187848
0.2350362777337154 -0.18254966910841453 0.1044508654886138
0.23487150482751723 -0.1827149003590919 0.10443248833700904
0.23477902920159466 -0.18254466734964078 0.10471592135538565
0.2346341088157476 -0.1825334096165856 0.10490487386992114
0.23502267611437608 -0.1828283923161706 0.10433999430836048
0.23504772525579937 -0.18282838026387996 0.10434039163835597
0.23502503537718186 -0.18284770997135988 0.10435385567283724
0.2350235106423198 -0.18283360648751745 0.10437435800108794
0.2350139552163097 -0.18283502543273006 0.10438811509683062
0.23500198057630522 -0.18283341436068545 0.10439648574192355
0.23500049668236694 -0.18283224956185173 0.10440636320270057
0.23499847509889293 -0.1828304721390291 0.10441262615580502
0.23499552707266652 -0.18283040687438712 0.10442225311900244
0.23499239642695346 -0.1828294107648079 0.10442352715743841
0.23499113961492835 -0.18283232357123136 0.10442659682644372
0.23498959565645558 -0.18283104678138984 0.10442873256194823
0.23499182144232472 -0.18283264340842253 0.10443104457126665
0.2349893984653877 -0.18283478840989692 0.10443077782908987
0.23499374974497955 -0.18283483296720202 0.10443297679559901
0.234994303557845 -0.18283278842741035 0.10443067334481858
0.23499137218014732 -0.1828402934115691 0.10442964513965637
0.23498964438234415 -0.18283921377523654 0.10442769808715596
0.23499303468048965 -0.1828387290596285 0.1044295383648775
0.23499107892684334 -0.1828406198992756 0.10443035809265286
0.2349897149005877 -0.18284104220568811 0.104429818299769
0.23499237060432793 -0.1828376518654222 0.10442785610648612
0.23498959369813818 -0.18284018258388401 0.10443190993796554
0.23499127250417812 -0.18284116641785259 0.10443045008662011
0.23498859162895358 -0.18283698770903273 0.10443011231344553
0.23498958583844284 -0.18283946142893237 0.10443336532406956
0.23499391759353394 -0.18283516124160773 0.10443243964594637
0.23498739100585442 -0.18284071069693897 0.10443488005092837
0.23499277207939184 -0.18284329533530735 0.10443074324973863
0.23499564251624022 -0.18283708560973944 0.10443203840844126
0.2349922792613355 -0.18283693996682404 0.10443218517284464
0.23499054987286286 -0.18283932515450158 0.10443046107573631
0.23499203405367397 -0.1828390636191382 0.10443075867069013
0.23499310102373783 -0.18284207186590457 0.10442974278599233
0.23499014404719076 -0.18284374438319223 0.10442976603868451
0.2349921556619686 -0.1828389168221733 0.1044313735741381
0.2349927510838709 -0.18283884290854469 0.1044333488595364
0.2349951599488586 -0.18283979314749815 0.1044310062060217
0.23499269860778807 -0.18284213246700082 0.10443188602069292
0.23499381216039333 -0.18283629691385 0.10443116144158326
0.23499198935649923 -0.1828400362653828 0.10443259357364085
0.23499082304201765 -0.18283935162321882 0.10443436030995326
0.23499045740631147 -0.18284060103922484 0.10443324482106744
0.2349947755866898 -0.18284294691126718 0.10443228598021649
0.23499242451145502 -0.1828390825310613 0.10443452052301026
0.2349937484802856 -0.1828397482947356 0.10443314564529717
0.234991712056749 -0.1828414603679242 0.10443200756068918
0.23499356763540086 -0.18283826670033954 0.10443207394573932
0.23498990945081033 -0.1828392894977426 0.10443132232672392
0.2349933572325837 -0.18283886996521442 0.10443331880053847
0.23499098396175871 -0.18283911138832137 0.10443166578457516
0.23499176072220263 -0.18284393767788415 0.10443154440090831
0.23499140888940934 -0.1828392543598848 0.10443421420703848
0.23498936428393336 -0.18284184457112562 0.10442987424936193
0.23498913526052365 -0.18284134713332104 0.10443898890190667
0.2349883452707614 -0.18284267519526143 0.10443257749787245
0.23499068050886612 -0.1828419214987987 0.1044318784277584
0.2349932567342193 -0.18283833755488854 0.10443247452147822
0.2349917456116135 -0.1828456324094059 0.10443337085111885
0.23499213030634977 -0.18284170825527574 0.10443382145781017
0.23499322431081018 -0.182841267238 0.10443244278117444
0.2349943712714606 -0.18283952830208006 0.10443197202464523
0.23498939898272847 -0.18284462682294983 0.10443309623045635
0.23499543760292244 -0.18284124659094786 0.10442892466213796
0.234990779721224 -0.18284167963891002 0.1044334627070071
0.2349962659965391 -0.18284179153418062 0.10443227749707198
0.23499010703699452 -0.1828430899431343 0.10443227051612895
0.2349920294322373 -0.182842182282761 0.10443027064171007
0.23498974313855017 -0.1828430317193535 0.10443437661999772
0.23499290753270047 -0.18283860267866095 0.10443402166560599
0.2349885554153422 -0.18284277849542818 0.10443483129919835
0.23498999081885852 -0.18284296231042263 0.10443122118109224
0.2349903427746791 -0.1828404772659553 0.10443318587317982
0.23498819203945698 -0.18284189314481103 0.10443403264686642
0.23499016285879432 -0.18284177620110187 0.10443259985941132
0.2349891364740354 -0.1828406446845808 0.10443401407702214
0.23499083291944584 -0.1828440224432657 0.1044360067436083
0.23499281705280878 -0.1828407351194652 0.10443360737331531
0.23499170160617067 -0.18283954019929374 0.10443558603720624
0.23498943741949518 -0.18284082948563005 0.10443711081168497
0.23498751912731247 -0.18284037645071866 0.1044411540474891
0.23499108628174298 -0.18283949443740827 0.1044420462882439
0.23498631799816694 -0.18283632852056614 0.10444169133303323
0.23498924174041286 -0.18283618016181125 0.10443998709598748
0.23498882872299542 -0.1828377395337363 0.10444007387887881
0.23498643890605117 -0.1828383603338188 0.10444148809393453
0.23498597227391688 -0.1828399444613325 0.1044409414223741
0.23498822737861927 -0.1828389149992865 0.1044414377665266
0.23498968646938284 -0.18283649261542329 0.10444094822349585
0.23498804668618364 -0.1828409656393883 0.10444264706952058
0.23498810795224817 -0.18283735273064572 0.1044410211195313
0.2349874308737838 -0.18283745172031812 0.10444542747069745
0.2349901552397854 -0.18283833084345713 0.10443931689668709
0.23498406938349345 -0.18283993943603594 0.10444235563927774
0.23498524778824703 -0.18284037704239198 0.10444281263272327
0.23498917657156276 -0.18283545745016866 0.10444235395366772
0.23498595710187442 -0.1828382275837588 0.10444236873979688
0.2349870745188425 -0.18283851660739053 0.10444340025195406
0.23498685682858805 -0.18283513300496257 0.10444183525097804
0.23498803896989193 -0.18283899679271343 0.10444110461583621
0.23499003761348985 -0.1828452755267481 0.10444188097458713
0.23498835123612988 -0.18284101150338872 0.10444402953351857
0.23499000659417113 -0.18283880836281496 0.10444292011095913
0.23498844960546209 -0.1828359644332282 0.10444360728270341
0.23498390735152325 -0.18283871069223323 0.10444233326927331
0.2349896927722394 -0.18283829703114574 0.1044435858202684
0.23498847344506732 -0.18283957191416922 0.10444334992972451
0.2349862667512922 -0.18283668090606942 0.10444529454415266
0.23498765295251678 -0.18283790100430908 0.10444165757583433
0.23499031464202255 -0.18283815529157577 0.10444278468701312
0.23498957495161982 -0.18283762446253923 0.1044420469691627
0.23498933085426404 -0.1828347173722639 0.10444083387721269
0.2349881929324747 -0.18283896333107763 0.10444308317948968
0.23498501192574972 -0.18284161456551706 0.1044430608055483
0.23498835232996534 -0.18284171030049068 0.10444218010250411
0.23498912678184963 -0.18284012996804483 0.10443924176643622
0.23498770169014888 -0.18283553456959456 0.10444114466053307
0.2349895076445034 -0.18283981345119432 0.1044426200123385
0.23498827711161213 -0.18283987019792397 0.10444090967099762
0.23498869472908387 -0.18283943794595148 0.10444104728799726
0.2349906266689081 -0.1828387832284291 0.10444053468745126
0.2349880755305603 -0.18283603673624016 0.10444125302596138
0.23498765778089642 -0.18283795269240902 0.10444313711708347
0.23498748859788357 -0.18283543520894335 0.10444324856639597
0.23498886968830943 -0.18284040503914764 0.10444151278325109
0.23498644617884706 -0.18284032246025606 0.1044427770860705
0.23498637905385367 -0.18283904292787428 0.10444213683234038
0.2349854907875038 -0.1828361826235816 0.10444269431533151
0.2349869918757858 -0.1828383152698324 0.10444397778018534
0.23498763625728594 -0.18283982779542624 0.10444151746778425
0.23498946575975882 -0.18283588185811345 0.10443924245694265
0.23498564241677172 -0.18283898547145416 0.10444176962404254
0.23498675973688915 -0.18283873341111814 0.10444330197994445
0.2349896084118821 -0.18283741840376402 0.10444175015159594
0.23498795365752373 -0.18283809279705976 0.1044425411966531
0.23498989266028492 -0.1828415855854435 0.10444275295156437
0.23498629875965077 -0.18283892775148097 0.10444124672538194
0.23498920390023992 -0.18283836603899423 0.10444057871381728
0.2349881854642485 -0.1828362241584875 0.10444327112096477
0.23499000070192833 -0.18283607302607535 0.10444409842797042
0.23498931641920012 -0.18283851914449692 0.10444172309117744
0.23498936405572624 -0.18284251843510038 0.10444132485855573
0.23498739790905654 -0.18283689412008705 0.10444141140576546
