0.4385991448051566 0.19342488079360556 0.4478149713803075
0.4385866679729546 0.19327471250254946 0.447264734453128
0.43867579491284175 0.1932234062575916 0.44736373258517614
0.43908026972702047 0.19306820239680847 0.44709286327848313
0.439035539040097 0.19300515802296586 0.446994007344586
0.43863547642801276 0.19357759591912707 0.44723838259393384
0.4387953388698993 0.19335816985798865 0.44688787166485056
0.4385580891798935 0.19350380066178932 0.44732049214879155
0.43857087380080007 0.1933353131761441 0.4476043216055036
0.439003408770898 0.19308765583221976 0.4471589926193402
0.43848630795231947 0.1935945020348786 0.44750385556237526
0.4390330154679625 0.19316566960663406 0.4473362469133353
0.4386303866127197 0.1934878702248215 0.44758164155313956
0.43879717930007384 0.19346218587717903 0.4472127294717946
0.4387590868786819 0.19337428964462522 0.44762696231582466
0.4388946960160787 0.19342106336523046 0.44754424016969446
0.43857204836980984 0.19335673487719962 0.4473813018831946
0.4388127708176135 0.1932352515398359 0.44765492367252285
0.4385801802516287 0.19331138422907485 0.44771841439661825
0.43846874676066067 0.19330499051076622 0.4482201051292541
0.43841382757650593 0.19330701005443904 0.44790859362232466
0.43863637089674296 0.1934117409496452 0.4480293027329585
0.43874927306685935 0.19326433396414244 0.44800660908118745
0.43856100934220027 0.19337431583835152 0.4476447283660724
0.4386351546255559 0.19328636632737736 0.44763937649548247
0.43849114877912176 0.19352807168839303 0.4481506437181276
0.43870097332692554 0.19319462045625146 0.44774392817374553
0.4385045539432427 0.1935822506991331 0.44780457192281314
0.43878639182914403 0.19317819486905163 0.4478817953182445
0.4386535719768136 0.1933557879157678 0.44790991629784926
0.43871145532414735 0.19328039879113595 0.44775772700318217
0.43855354392367407 0.19331916774391952 0.4479664949952312
0.43867775747884896 0.1936198586072187 0.4480674232330085
0.4384673314584457 0.193364461397889 0.4475119591423709
0.4385807100820618 0.19330349288455792 0.4477760825686304
0.43855428041165795 0.1933562680865477 0.44783807354749494
0.43837314942663486 0.19341235086571487 0.4476941158858304
0.4386375452989534 0.19347587561170865 0.4481471198965066
0.43863472148434596 0.19352404707602244 0.44791338036324385
0.43849653858493665 0.1936272473850674 0.44802780989322577
0.4387661683721882 0.19345468838347818 0.44817669561858503
0.43845679384791425 0.1935591300288792 0.44790909422024794
0.4386231066494218 0.19343028260968073 0.4480378580012317
0.4383564993856307 0.19372292822396575 0.44791832810566073
0.43866399458214644 0.193524818851397 0.44803559194247256
0.43865177930716437 0.19348779684114656 0.44807679816311496
0.4386551695426032 0.19344527112056328 0.44791141753289854
0.43852820246495844 0.19338001611312527 0.4477365041290977
0.4384905755178872 0.19345092791813934 0.4477221024143896
0.43846038100232526 0.1934437850703553 0.4478104368146503
0.43847758674729304 0.1934128871113523 0.44800437782680175
0.4386368570007865 0.19357739600169988 0.4481173457341201
0.43857398726454566 0.19335626152006824 0.44813028543005
0.438506116017689 0.19340059364601805 0.447663888392604
0.43858587786534287 0.1935995038629704 0.44777236505324913
0.43867360932821886 0.19339790778350543 0.4480726116474906
0.4384728524264925 0.1935119705633036 0.4479410403757335
0.4386839590459886 0.19320941059867092 0.4478236223171471
0.4385618151237937 0.19371685217914217 0.4480832963068877
0.43872192023747725 0.19327313551525044 0.4478683319187191
0.4387267199870094 0.19312796204182248 0.4477920658305678
0.43853523823074214 0.193591840762144 0.44811170567094427
0.43854294562750135 0.19349033841356222 0.4478853146076908
0.4385928769273141 0.19339527267273995 0.4479459925692879
0.43855468451461715 0.19367244910841636 0.44808378124275056
0.43866806826683685 0.19361203823595913 0.4480359909506872
0.43855069637333 0.19361972922272014 0.4480950444507464
0.43855907320551074 0.19371282806765772 0.4479677509204872
0.4387520116754554 0.19371313885672115 0.44873575596018445
0.4386672407955532 0.1934478134950091 0.44849002089400625
0.4387699355659222 0.19310539831495038 0.44835165213630207
0.43717597026525734 0.195987643680734 0.4468694595774972
0.4306086818347745 0.2041152855612119 0.44956631538640635
0.42179695978833825 0.21636622321295068 0.4487277790390257
0.4119431117861241 0.22952974539777943 0.4480426639639678
0.40377977733307413 0.24016630747108064 0.4480724168278782
0.393877196564096 0.25281035311778804 0.44729465410552616
0.38146714515611213 0.26128900282631556 0.44711597064460956
0.36687835613991854 0.2625166628880815 0.4480574232624338
0.36081699299488873 0.2627259598996249 0.44802798717952574
0.3600651759625717 0.2631006890078355 0.4463478986142347
0.35987733477003664 0.2629116460236805 0.4466867544881041
0.3598077358987961 0.2628815322887439 0.4465455825242043
0.35360506870609515 0.26212915957434413 0.4480532051329352
0.34816474335391645 0.26218883222397327 0.4484976520816938
0.3464083867534036 0.2624601417598064 0.447393397429679
0.34641293892889535 0.262108540382 0.4476961774616864
0.34508808173217403 0.2627342165788902 0.44718549631349397
0.33528020344451526 0.26220410789678067 0.4484348684180318
0.32305445143143957 0.26331671366522946 0.4484655095955239
0.3119689265181196 0.2651228656124106 0.4483139846033497
0.3088912666360566 0.2660985671059793 0.4476191716622917
0.30934626374383883 0.26604177310553057 0.4471861107561524
0.3093071633302885 0.2660349220804992 0.4471175941982217
0.3075108277535018 0.2663054877180443 0.44736462481328243
0.30663350563784103 0.2658102672417888 0.44776489346599885
0.30523439869349145 0.2643916032524046 0.4476823935022627
0.3012642909758378 0.2564637803354564 0.4480901275689193
0.29423542659182655 0.2448139523626035 0.44858969931608716
0.28960112602347293 0.23715607893395987 0.44867343771605306
0.28899402772558913 0.23632067187235242 0.4475151550443133
0.28958967260720353 0.23493768856644903 0.44745002409879603
0.2892401466365759 0.22711113878474518 0.44751128408746765
0.2890086827098957 0.21571654235493554 0.4479080873501087
0.28915501363050833 0.20600756608000437 0.4482677954132874
0.2891788054718007 0.20398827861727048 0.4477952816649455
0.2900495350052156 0.19840401361019366 0.4473813918874864
0.2930852979494834 0.18611375902231853 0.4477478735744613
0.2972208412309851 0.17842308996648665 0.4470193480901189
0.298196788624991 0.1768696694642386 0.44766336606422424
0.2984609776352335 0.17696336001976215 0.44780204069647345
0.2984824646633936 0.17698902963069718 0.44781416918654726
0.2984906176568202 0.17700805069955527 0.44783013898133156
0.2990660192108378 0.17710504669295674 0.44420451538141037
0.29894649845500876 0.17712382143732913 0.43147610765411704
0.2986500844634588 0.17741350462131114 0.4188966504767146
0.29839863683323165 0.1776224077509212 0.4033275491011458
0.29796597116121964 0.17781980076524814 0.3875735813333769
0.29780514446056655 0.17784537170444392 0.37240548642621024
0.2977359502810798 0.1777299184563709 0.35719121576320734
0.297668675312737 0.1776037560673091 0.3424294584397014
0.29768505431229086 0.17738786737887374 0.3305700812962819
0.2977110344176534 0.1773549703321726 0.3176135348864158
0.29778519389298985 0.1773092798328616 0.30266501847655325
0.29786240006018067 0.1774568759807864 0.28772927699010425
0.2977747170447229 0.177281765605124 0.27271380792977123
0.29760395240656967 0.17731005692414323 0.2600205945834476
0.2977682548421818 0.1775505152752589 0.24536666064298351
0.2977469337580146 0.1772214029207783 0.23020345987186625
0.297713928046272 0.17737783977066462 0.21769814690147984
0.29776372141805363 0.1774865411088775 0.20551382809912064
0.2978796912443102 0.17731643824162982 0.19046730660296585
0.2980786378416431 0.17734395566955172 0.17569957093418032
0.29797314272874637 0.17741244698185388 0.16317255868020392
0.29823308359740996 0.1774608325414518 0.15429348764944398
0.298215097753377 0.17725853617907625 0.15231503844878758
0.29816027313365434 0.1769993782631334 0.1507525517326717
0.2981897428341743 0.17734317793652293 0.15094261028097156
0.29818367893157083 0.17731719234828142 0.15093253395772235
0.29816445417469706 0.1773181667415739 0.15092633902419267
0.29821184006476137 0.1773439665413904 0.1502500590476778
0.297680969271469 0.17759532834163472 0.14065767094912146
0.29841432189231415 0.17756703503884658 0.1285593965934344
0.298310880525153 0.1775314483064773 0.11337139637875149
0.2987935783585878 0.17722955167123106 0.10658327882180817
0.2981898682828883 0.17732980507415527 0.10549351747852935
0.29813495713890975 0.17728321968661293 0.1054402628221692
0.2981310914446624 0.1772663124461538 0.10543356163329172
0.2981231717082137 0.1772557720271673 0.10542955926953493
0.2978766536337409 0.1766765218054186 0.11077929861177556
0.29738713842635695 0.17620245395612216 0.12448190782664766
0.2976933584524838 0.1760880342654152 0.13343672782888824
0.29744203227809357 0.17705936746388035 0.13523449365119533
0.29750967680445767 0.17713078152009606 0.13530196323685678
0.2975477849733083 0.17716538987846958 0.13533420143118577
0.2975561234650162 0.17719122373173687 0.1353463477987622
0.297613725109822 0.17723707026044822 0.1353957897888235
0.29772137923503605 0.17749776495587843 0.13557066544319732
0.29772013357510885 0.177482839986204 0.1355618278382357
0.2977349045090103 0.17745071018741793 0.13555334935150526
0.2976453488650947 0.17712973975661156 0.1353548605276938
0.2981274434674094 0.17694728720482666 0.13525950546870158
0.2982209148193657 0.1769734545179621 0.13531248211583508
0.2982910412058001 0.17729292495888785 0.135508205519973
0.29826153895279256 0.1773108952241449 0.13551923224084164
0.2980726970323573 0.17722300067612176 0.1355421628646974
0.2972480309618124 0.17734552540158488 0.1353007951092371
0.2970773873135874 0.1771490348989556 0.13502138912263628
0.29759031714861706 0.17720523379590963 0.1353592456623048
0.2977783308128367 0.1771742160975693 0.135435235119987
0.2976931004456215 0.1772081117223785 0.13533948141089153
0.29813331916564567 0.17737514328565504 0.13553976499391976
0.2980793227758616 0.17743805315624622 0.13553888157896998
0.29806542952375736 0.17744959443474614 0.13554147225082974
0.2980568788630834 0.17745262938062073 0.13554380350284767
0.29805062051908116 0.17745347485141982 0.13554495599217414
0.2980462276095039 0.17745488254740566 0.1355484592662567
0.2980362736181868 0.17744669916719202 0.13554413493373801
0.2980371383974613 0.17744024535321604 0.13554644094778745
0.2978893960017253 0.17715423339467268 0.1353212147745208
0.29712259149914777 0.1766941676812206 0.134883719601261
0.2974046718660228 0.17674872756244267 0.13500855355276514
0.29758660567198486 0.1772735744778559 0.1354221694311215
0.29806756957459885 0.17710998414921258 0.13547647843940513
0.2977014896053365 0.17741587241644652 0.13531909359671823
0.2975871086796935 0.17692124954647415 0.13498652562190552
0.29769108001118044 0.1770414694624991 0.13530276392376778
0.2977575280369684 0.17732885495507694 0.13546792731064325
0.2979551401777514 0.17718608309422218 0.13546395301524755
0.2975627347000913 0.17716770618936065 0.13515197033434562
0.2974517517609524 0.17721609560025126 0.13524418382083414
0.2977525203246522 0.17722142152633902 0.13529819517174288
0.2973244487875718 0.1772855741571384 0.1350410466488023
0.2975896726822889 0.17727065972477396 0.13531424222547148
0.2980345309278016 0.1771136626435404 0.13544584339291826
0.29787028017327827 0.17716094390079073 0.1352671979136872
0.2979316492689552 0.17730089768585938 0.1355185452161713
0.29776870658895915 0.17686522651389597 0.13517634321095995
0.29729708356185064 0.17723304522606864 0.13516148936208444
0.29762098319097446 0.17700211951428424 0.13518470716834013
0.2978757336658033 0.1772338565064398 0.13538462883659869
0.29761133458765665 0.17716875561982587 0.13535992041622047
0.29818764144638177 0.17733087925385027 0.13573546707324738
0.29796169154640806 0.17737664264976316 0.13580095077671003
0.2978040219291575 0.17716370679954155 0.13566534258375743
0.29794730182651813 0.17700297329709322 0.13559698024614347
0.29766291881534024 0.17716910373806133 0.13552274317745583
0.29768771635651264 0.17722291553698075 0.13547166164930918
0.2979065540546052 0.17720303973471813 0.13575127752641186
0.2976544005317077 0.17721872829829502 0.13556336014344145
0.2975449639537434 0.1772595153272834 0.13542211187109032
0.29767252785225773 0.17709539441158362 0.13548469635098093
0.29747725827395005 0.17712701534194086 0.13535700770904247
0.29790721318940466 0.177132877959236 0.1355712737647952
0.2980868689446844 0.1771205243792916 0.13564290728277043
0.2979298670838738 0.17732752741480065 0.13570540684491705
0.2978069485623034 0.17714623709326735 0.13547199912323596
0.29767101544743724 0.17707533811598028 0.1353253249946277
0.29801275495132956 0.1769576265198823 0.13549711362332684
0.29788596860318084 0.177243128747297 0.13553561013929669
0.30047458573066194 0.1781745991541854 0.1356540503689936
0.309347527242142 0.18071671850442628 0.13490641840068535
0.3231477820731312 0.1853113247894691 0.13459323042165378
0.32998687537665217 0.18863797701747123 0.13499809183932887
0.33202859403130647 0.18918485464810636 0.13561600015149486
0.3318039650667484 0.18931378859637 0.13555264735557665
0.33245005499598546 0.19750996470742294 0.1357186500421558
0.33076797865492014 0.20906213705730842 0.13521551331140924
0.32699644922279825 0.22290535518866145 0.1354034523336134
0.3248330929085454 0.22860196251047815 0.13566759669475942
0.3243849836264591 0.22983566868772995 0.13575189460972542
0.3201281380630728 0.23348091474938537 0.13506267938392286
0.3126422029339232 0.23758050271921594 0.1360257996272167
0.30547414874010176 0.24126885559159228 0.13609304499004798
0.3045003172684228 0.24124018360120514 0.13543542822031174
0.3040482340344434 0.2413527682747613 0.13540102868341802
0.30342609405131105 0.2393210189502282 0.13484516252702888
0.3003631682644845 0.2335767311035215 0.1352123606215848
0.29794861567597586 0.2270032995311969 0.13589245912274206
0.2969733203234593 0.22554200462065302 0.13520457820959525
0.29688863745605265 0.22541509045084704 0.1352307900667924
0.29690108155726225 0.22537268756415246 0.1352162600725107
0.29691408060408103 0.22535223167566648 0.13521327524667787
0.29694531011904507 0.225378882192592 0.13518287738366794
0.29723129356660444 0.22544238721347076 0.12545832773526513
0.29748516902442484 0.22539828088773056 0.11550943237919264
0.29767850041740285 0.22568641945195872 0.11348703778659754
0.29739705084428697 0.2254601534977586 0.1129430727431031
0.29752066677110534 0.2254612648752249 0.10961656517742421
0.2975169535871696 0.22563535770281232 0.09586838620781456
0.2969939165830525 0.22564339147398296 0.08306622163427983
0.2963728013730576 0.2248390553560804 0.06747252700816052
0.29658083004191454 0.22470857442099307 0.05254693606396019
0.29671314118597103 0.2249604656529984 0.037715576425816855
0.29702192959322454 0.22519568245121713 0.023133054714272683
0.29716877488168963 0.2253481443435566 0.018380704877386703
0.2976653637088544 0.2255071159839941 0.018318638293028128
0.29769813132857914 0.22546526860337626 0.018324463195772828
0.2976945517015991 0.22545907546612914 0.01832467550289378
0.2976813123424127 0.22545766514024063 0.018325939334403782
0.29762354734048174 0.22547377896499737 0.018243257488858328
0.29637614652901456 0.22559524383868737 0.010314147800893195
0.29712298998457 0.2252814609790178 0.006097604743919197
0.29728019948688844 0.22561292178913583 0.005793722116245945
0.2974564024236905 0.2256723298874831 0.005806395364927497
0.29747819090071903 0.22563813563459656 0.005814517533283339
0.29748209453590274 0.2256041667765955 0.0058138482896065435
0.297585256140614 0.22537476953810637 0.00579516991928046
0.297554940921367 0.2253766951906024 0.005796507702981832
0.297086531880016 0.22547211184747332 0.005740616406189003
0.29711951199545233 0.2254742079967783 0.005748851864428056
0.2971065259131409 0.22556228419103125 0.00576456584109121
0.29716796400940176 0.22560674247831441 0.005782899470410427
0.2976223214527677 0.22545622336555557 0.0058277784640473895
0.29760630957388434 0.22543890119455917 0.0058215405591443
0.297681408387382 0.22527698703537802 0.005806427825262583
0.2976207041444892 0.22529879642430453 0.00579982060510395
0.29756260121200473 0.22533417981121712 0.005798027258112362
0.2975135381116492 0.22537219930926763 0.005797117323528236
0.29692779341749614 0.2256692663396457 0.005753732620053048
0.2969719285380166 0.22564625461886698 0.005756535496470122
0.2970398579107197 0.22560724574723975 0.005758865765414983
0.29728454337980503 0.22538145036181223 0.005757686513300636
0.29766668924676903 0.22527667557696618 0.005797756059900155
0.29762202068896293 0.22529733898948387 0.005795207846100492
0.29756017752968933 0.22532701374771752 0.005788705324023813
0.2974952329454551 0.2253842244193447 0.005789706945236783
0.297371344944085 0.2255255300384776 0.005793670124452796
0.29735332336488296 0.22552066548686328 0.005789401663081908
0.29732903227268087 0.22548707704549054 0.005777892791463166
0.2974029869158516 0.225338858725952 0.00576769644359984
0.2974018769356863 0.2253617742036124 0.005774384394397258
0.2974005114911024 0.22537063940943353 0.005775347345784387
0.29740547813896 0.2253917978108363 0.005782130303592384
0.29738593834846766 0.2254119083022506 0.005779685226540765
0.29731533760948137 0.22555496872743516 0.0057960587737818925
0.29732437519328875 0.22553430546974113 0.005792405654790139
0.29733819651373633 0.22551468566570734 0.005790094710390187
0.2974465658885066 0.22533020616751512 0.005776398083960008
0.29745744151487197 0.22524901756345656 0.005750509314840918
0.29761587227197267 0.22496448989781345 0.005722142029178617
0.2976156738837289 0.22498447056115192 0.005718112520116864
0.29750595402871016 0.22516781402499828 0.005728283149913013
0.29748452990982505 0.22524660085120798 0.005773999242473238
0.29746095681623064 0.225283758553316 0.005773887636442071
0.29740062450464283 0.2253563392427011 0.005765369769936121
0.29740632485388935 0.22534508182581411 0.005764565045341202
0.29749850667306027 0.22520917219029926 0.005757604455791154
0.29749356954381656 0.22520529442252546 0.0057559939516753506
0.29747894872043945 0.2252267216690714 0.005756092461859125
0.29736065238819526 0.22541501760260998 0.005770213301202129
0.29724178694379777 0.22559821681287892 0.005780737645492043
0.2973350222328746 0.22557894683903124 0.005808045189097458
0.3036287035996127 0.22593908181626082 0.005817918728867139
0.31546143611238797 0.22541265215767564 0.005255698522336996
0.3308427445782921 0.2252098460533294 0.005272055119222269
0.3432599563293389 0.22532465316245048 0.005336106756861636
0.3492602111835302 0.22503605930564924 0.005596381697837716
0.3503435598924918 0.2252600862713064 0.005804623754826543
0.3504014345013863 0.2252819025401948 0.005821361914726028
0.3503927221862253 0.2252938207765807 0.005819977576275642
0.3504082824757996 0.2252295770101258 0.0058092320642829515
0.3505053308234351 0.2250215187186097 0.005786282489131253
0.35044529184979684 0.22504517444322147 0.005758699177523252
0.3505038590184839 0.2250838337953697 0.005821652549085982
0.35005677244485717 0.22496050272720725 0.005845148785615886
0.35004577527248393 0.2250665593446273 0.005981597426329893
0.3499205143381686 0.2251237713504644 0.005803868763327488
0.3499240368875277 0.225261898018226 0.005905183098926736
0.3500577585753708 0.22547201576140988 0.005808584592442809
0.3501152798961372 0.22551997070914098 0.005843738850606614
0.35011191203609526 0.2255208684949807 0.005843328195617795
0.3501062230653059 0.2255218857083197 0.005841872031044679
0.3501019762971575 0.22551981742032817 0.005839735179768324
0.35009625096319336 0.22551778506390438 0.005836953917786339
0.3500910169186954 0.22551193293626481 0.00583351481819562
0.35007797965761267 0.22550535340295022 0.005827960684559874
0.35007425398944536 0.22549986032278424 0.005824951391260824
0.35003135225063625 0.2254280359145217 0.00582817573415885
0.3492140674342704 0.22496528329049004 0.012726693504934466
0.34976931321331745 0.22493928766859753 0.0251099506755368
0.34978318289117294 0.22533820931874074 0.04053150825569349
0.3496515941436047 0.22489569189398917 0.055335668982521236
0.3491490939947647 0.22486483287312675 0.0676515238265332
0.3482367038454089 0.22399218118627773 0.08175999916938807
0.3484935688462642 0.22448238648937224 0.09457312725649998
0.34884782108363493 0.2245949061597713 0.10977637324443465
0.34927393993951744 0.22460654507038183 0.12492383641243913
0.3491702294874406 0.22486480371762463 0.13984933202664934
0.3490795628328645 0.22502102484775668 0.1523603085890261
0.3494604463540524 0.2250002666991014 0.16751083963144825
0.34940200635434887 0.22517475900229103 0.18251070638591874
0.34942321489170425 0.2252405910972189 0.1949515446270796
0.34960328256984635 0.22490906877656594 0.20990877859257862
0.3496716537651864 0.22509618486476116 0.217133936873045
0.3499080261136028 0.22529550209081697 0.21803556409345398
0.35007128747446276 0.2247184504999124 0.21848153776530205
0.3501889323253971 0.21691527347185588 0.21898752508295743
0.3503376768006072 0.20196631631176165 0.21890804638496866
0.34998855049712385 0.1865958776079768 0.2184395784894228
0.35004173206064404 0.17345333458647505 0.21813486246875138
0.34958178603782336 0.1584841743919239 0.21792817681085425
0.34959830669906794 0.14314035082382603 0.2176959046399361
0.34959567599352737 0.12818176166650244 0.21780842294056232
0.3497981995132484 0.11557540528935112 0.2178309421362895
0.3495248593884331 0.10031804749594658 0.2176553585125527
0.34939747531206544 0.0856931572061603 0.2176895072202678
0.3487863340130842 0.07065401352293157 0.21727254550916622
0.3490806972070402 0.05817208882740443 0.2180000164486255
0.3494900641307715 0.0457139338233178 0.21811285153951038
0.3494275654589798 0.03060273130642482 0.21804535891399845
0.34939501327023237 0.01839639407915605 0.21788694841330802
0.34942384170084584 0.002998348733348831 0.21777427780485864
0.3495124983584628 -0.011845777648604346 0.21801193488847648
0.3497377897293206 -0.023960519524228972 0.2181356693606653
0.34956294422414663 -0.03933743656283277 0.21798510999113804
0.3496783561753904 -0.05173487443203911 0.21799922124102636
0.349499791114927 -0.06432838287957729 0.21794786504041064
0.3496415362442834 -0.07685491663265137 0.21801154413802054
0.34989781560869687 -0.09125530751302312 0.21809620315031614
0.3498568841142579 -0.10615305056799067 0.21807808801470374
0.3496968385180604 -0.12171122738879213 0.21791934667655294
0.3497465158155041 -0.13661480101684612 0.21796787864485767
0.34992765418282545 -0.15134244143246214 0.2180095411627999
0.3499866698036516 -0.1637565957465682 0.21796629874005957
0.34947049352780957 -0.17905832949145187 0.21779675829006379
0.34801712176138366 -0.19378348011706517 0.21799556968530398
0.34525286124624566 -0.2065582246242937 0.21795558241934546
0.3395464339661121 -0.22078456538150512 0.218032686736813
0.3308243494603214 -0.2307036710921772 0.21817786220113378
0.3168931442695462 -0.2374960836844134 0.21887173711889635
0.30224065685821744 -0.2411855593295714 0.21899059896802614
0.2900521389934687 -0.2435092890189599 0.21900286682048606
0.28427993655411854 -0.24482956719240337 0.21807787987869426
0.2841155085670185 -0.24458236774754338 0.21783443366721617
0.28406279437176674 -0.24456488195199336 0.21779699439311306
0.28418047736375773 -0.24443695600540144 0.21780789266030365
0.2843798778012541 -0.24739574397807626 0.2187663017596802
0.28357172711422907 -0.25780076985014067 0.21661114016557415
0.28389371434465893 -0.2729239496022197 0.21715582104688858
0.2832956849367415 -0.28869269586124147 0.21734746846080621
0.28203488305303287 -0.3005584976050655 0.2171274092275381
0.2801192218775769 -0.30748898090648163 0.21757024828176094
0.27949418957284 -0.30988708502505796 0.21852905430239433
0.27966514182165225 -0.31001277979119735 0.2185237445306249
0.2796470820251382 -0.3100029903811957 0.21849590130369545
0.27970097011226047 -0.3095136285890164 0.21293831456685955
0.2799395418838334 -0.30988632460872856 0.20217965760308804
0.27967619700064844 -0.30975971821616843 0.1865209398552025
0.27995340189000534 -0.30912344740360626 0.1710571055436516
0.27942021655014926 -0.3090824459786822 0.1601441786693567
0.27949229097523576 -0.3090798234072743 0.15808959824999894
0.27930820019037256 -0.3088466517070228 0.15747437644462164
0.27929952292441607 -0.3088212293945212 0.15748977223531485
0.27930245842709267 -0.30880467240593723 0.1575058194949288
0.27930582567024187 -0.3087940894613063 0.1575243321826718
0.27931224843236685 -0.30878721014784444 0.15754283358094895
0.2793189838614021 -0.3087866561308437 0.15756214027473708
0.27953951254264076 -0.3086237483218876 0.15756070927245974
0.27945968808094707 -0.3089152362673547 0.15821618175342125
0.2794821608912528 -0.30929286364046765 0.15801067011126113
0.2796953140100568 -0.30900451115911876 0.15805838771620406
0.27942496636564823 -0.30872693041724397 0.15773175516139343
0.2797256695924659 -0.3087847703611187 0.15784426764232248
0.2795466125389265 -0.3090234731417471 0.15788365424289622
0.2793747483538245 -0.3087597196147589 0.1578278056473814
0.2791960498731645 -0.3086045197547151 0.1576241280705047
0.27951655246999135 -0.3089054305630901 0.15775799068743537
0.27954278335062266 -0.3087658522471125 0.1578877018385544
0.2794551449603785 -0.30872461555432495 0.15771965098955204
0.2795068312515032 -0.30871055356919413 0.15773731117919704
0.27953162469070914 -0.30869982714455935 0.15783756425555906
0.2793567404322816 -0.3088014623386531 0.15772526231056516
0.27933165757555484 -0.3087096869222481 0.1576316029759053
0.27952553434898014 -0.3087428801148537 0.15775913034108574
0.2794202834735181 -0.30857097020068924 0.15761345554983236
0.2795607802306146 -0.3086064119437773 0.15782932450615064
0.27936538296923213 -0.30856987003892233 0.15779968913084086
0.27949515195610425 -0.30860280091771186 0.15753791668165518
0.27925938498884423 -0.3088661706723137 0.15776943049536846
0.27951161140567415 -0.3087094374897642 0.15773056014608283
0.27934216212586854 -0.30862448505779294 0.15761449879827347
0.2794811095711059 -0.30863054927170125 0.15777442980984
0.27989383288429326 -0.30880428966316464 0.15787556723441937
0.279379296900351 -0.30856511912116064 0.1577204510249878
0.27915999420713183 -0.30860066515713236 0.15762910709538994
0.27927065192527994 -0.30863028566972095 0.15777795480673032
0.27930506613563044 -0.30860892443859317 0.15756035782343472
0.2792428605678825 -0.3085470424910448 0.15782537784707826
0.27942794126378445 -0.3086118335181094 0.1576418414950246
0.279599370955416 -0.308683078922616 0.1577356198984607
0.2793866183560933 -0.3088754554928663 0.15791177130556414
0.2792675018151521 -0.3085306436610308 0.1576625413549534
0.2794833115586619 -0.3087844872451358 0.15778174170412396
0.2794449126361275 -0.30876211489856475 0.15788900448514828
0.27942733886030235 -0.30879060123473373 0.15771669345630823
0.2793993666849387 -0.3089585055752003 0.157846333429503
0.2792544203653255 -0.30871115336250543 0.15775355001914337
0.2792798052091032 -0.30873649092984906 0.15767457005381896
0.27927412332630863 -0.30867841084899694 0.15782522282889097
0.2795830992748102 -0.3087822171224032 0.15762665712345605
0.2793677217316561 -0.3087704757290737 0.1578152131302811
0.2790828911574481 -0.30853609396623327 0.1575238372590657
0.27937362991682985 -0.30876951229661986 0.1576505577888173
0.2789511785147336 -0.3087187397424541 0.15760472317553012
0.27904034039694414 -0.30861771830872053 0.15767118108631759
0.2793624749447476 -0.30858688821719676 0.1574909934220731
0.2795521002333821 -0.30863990918471024 0.15773270781278706
0.2792140030056076 -0.3085822390126687 0.15746354862158918
0.2791717762416942 -0.3087543461177108 0.1579779468969655
0.27910450556841016 -0.3088866802833371 0.15756901432255624
0.27939036596839956 -0.30857878334847194 0.15763192305689078
0.2793306932228373 -0.30897280053738774 0.1579602752761809
0.27930745744207 -0.30873950084964225 0.15773524764724708
0.2789940420628251 -0.3086978600305659 0.15756586235229048
0.27918190869461884 -0.3088612779502206 0.15764510779316
0.2798061023686599 -0.30884347758621694 0.15775074741571266
0.27913346975749753 -0.3088704646885444 0.15772846851509523
0.27949719691746716 -0.30900357418919344 0.1577814476792484
0.27905438549580064 -0.3088872945726655 0.15781336008006697
0.279361457389728 -0.3087357972072544 0.15771251402537795
0.279369775675249 -0.30873506330856576 0.1579298252757952
0.2792228452204203 -0.308837419658097 0.15817033622188487
0.27956357667116255 -0.3092275069559234 0.15845525033568453
0.27931767714399175 -0.30889913802010116 0.1583255507218554
0.2790529661840693 -0.308637827677587 0.15797541596581993
0.27969227229929444 -0.30906319770751073 0.1580850839266264
0.27946380515184766 -0.30907959310890326 0.15806153290558117
0.2791460819561779 -0.3090787778771749 0.1581016104131143
0.2792931194333176 -0.3088184657137062 0.15793667833908717
0.27937338169567955 -0.3089040987140999 0.15808738252879687
0.2790855889845021 -0.30876436578718475 0.15778286293317956
0.27927547810626363 -0.3090091016921929 0.15811529449519715
0.27958264440416447 -0.30885287299621483 0.15811181870449365
0.2793846780802256 -0.3089206703575959 0.15788514432675035
0.27966192081466057 -0.30899574658218365 0.15814216645177437
0.2788668139156911 -0.30890000925229666 0.15798969573253924
0.2791426668171752 -0.3087644035644234 0.15772796845792544
0.2797206773440273 -0.30912751589577603 0.15850188492956507
0.2795308740031185 -0.30917538861350136 0.15820243931382544
0.2793888269440322 -0.3087425966708451 0.1580639871201146
0.2795922531571962 -0.3090203319888954 0.15813284204982997
0.2793200833946965 -0.30916008305108567 0.15828302965169883
0.2795996406168469 -0.30899558979639014 0.15815154754212485
0.2794218516681026 -0.308862098213966 0.15782524009742221
0.27975306052998233 -0.30912082796716633 0.1584526088376897
0.27922262732642716 -0.3089136454527145 0.15800705029704581
0.27965503145413534 -0.3089635174266647 0.1579047282484552
0.2793061026116102 -0.3087922722342235 0.15797275487812174
0.279258362189536 -0.30898502240454206 0.15809105903404672
0.2796294216022125 -0.3089874397620343 0.1579051075685382
0.2796453916716053 -0.30907916962546866 0.15811470319936552
0.27954437179659547 -0.30910491853230804 0.15819094576137388
0.2794501082997095 -0.30904487740075937 0.15815183241499495
0.27951822346665545 -0.3091121627859801 0.15825782101050773
0.2793524617349815 -0.30915167968831914 0.15822962431919757
0.279110619851558 -0.3088994792924899 0.1578251975201266
0.2792954783623794 -0.3090420200785293 0.15816239828670037
0.2794990558870607 -0.3090370978079966 0.15832146925664448
0.2794005152019119 -0.30899475398405907 0.1580195441520148
0.27932838342815725 -0.3090860476509484 0.15810759242664651
0.27943523172302936 -0.30901425711980846 0.15823357134621646
0.27924449857398237 -0.3091557650019556 0.15820704102420868
0.2791047717868407 -0.3091643082487509 0.1579349573391765
0.27958534416985725 -0.3090768317215235 0.15818626595524404
0.2796778857043697 -0.3090239880357025 0.15804042028748524
0.2792970498893144 -0.30904027355012165 0.15807014264495806
0.2793049981337973 -0.30919723161442764 0.15810971525148576
0.279071138421394 -0.30914928910679085 0.1579385173470515
0.27977930576924104 -0.30920578161821305 0.1580471731675204
0.2792167778299771 -0.3089723853016162 0.1580965481723498
0.279441064679032 -0.30911741889169564 0.15810597601572773
0.2793530821697152 -0.3092504169718394 0.15801712897993347
0.27964309930452985 -0.3091913480119045 0.15806039104100955
0.27947513706452753 -0.30913957614137266 0.15808775463957994
0.2797368153915285 -0.3092329052738064 0.15804854361369214
0.27926830339275416 -0.30912797884333443 0.15793403208619602
0.27961880097851377 -0.3092811513163463 0.1580696974982957
0.2791796605092987 -0.30919748666947594 0.15800155934262383
0.2793033898594641 -0.30914779866317277 0.15814289405250315
0.2797220429730448 -0.3091570198522872 0.15802554439433852
0.27957476269177084 -0.3092651034661924 0.15807256550492904
0.2792159309731316 -0.30913540729549277 0.15785569793842547
0.2796429505048997 -0.3093122973244096 0.15813800826570984
0.2793840855599984 -0.3093135057025305 0.1581662955627143
0.2793573501072861 -0.30925017023485635 0.15810318331755518
0.2796222373143247 -0.30906755704755495 0.15788810214616664
0.27955461955341543 -0.3089366586097661 0.1577722985853262
0.2794763004198634 -0.30892922797042477 0.15779959420656003
0.2794631914731221 -0.3089228195497127 0.15779069152626513
0.2794696607540946 -0.30892690547443746 0.15779340549016635
0.27947428292860377 -0.3089331252645786 0.1577967947240118
0.27947997589380347 -0.3089327376748671 0.15778498199780197
0.2794841470988284 -0.30894011751415 0.15778728225970723
0.2794803563713617 -0.3089469421319323 0.1577883164709871
0.2794762517151517 -0.3089515553064621 0.15778917205683057
0.279468783738382 -0.3089599940514857 0.15778974418574226
0.2794680200427481 -0.3089668309980193 0.15779187418368384
0.27945569847274215 -0.3089749240889308 0.15779383722934248
0.2794443689464327 -0.3089857368766712 0.1577938656259251
0.27943323664324 -0.3089985352821871 0.15779463597039511
0.27941528529433074 -0.3090143701120767 0.1577962383129258
0.27940516975174984 -0.30902605601807587 0.15779314782034426
0.2793930025737877 -0.30903552716036936 0.15779611765939405
0.2793907901064511 -0.3090421221446112 0.15779674093640236
0.2793842711125279 -0.3090469466286009 0.1577949100887766
0.27938571111482136 -0.30904795356857284 0.15780124655010666
0.2793850032419203 -0.3090456293163982 0.15779673201414562
0.2793938129859408 -0.3090490686217002 0.157800052568226
0.2793870779182208 -0.3090495531482985 0.15779968738550484
0.2793888534564729 -0.30904876568225276 0.15780088011291332
0.27939181067971913 -0.30904736548752676 0.15779840517805918
0.27938553188291065 -0.30904986101887455 0.1577982080422096
0.2793904103275691 -0.3090471756717941 0.15780098935901707
0.2793919929174489 -0.30904986596061046 0.15780094155866015
0.27938841335025427 -0.3090530917689158 0.15780253409145503
0.279394288554475 -0.30904780330790294 0.1578023542859383
0.27939127784702866 -0.3090511407356988 0.15780281630473159
0.2793954664490879 -0.3090467619237417 0.15780359891181214
0.2793890833829508 -0.3090522649065248 0.1578050225246838
0.2793924859914196 -0.30904867080886206 0.15780594565897277
0.27939164259173793 -0.3090499828057503 0.1578048913700818
0.27939390878338366 -0.30904870099934384 0.1578052606073444
0.28380781726422677 -0.30999095915541064 0.1587948884099031
0.29105879058612477 -0.3095131045047366 0.15758218015577077
0.2988534214928855 -0.3078830145479887 0.15734861163448782
0.3000587269338278 -0.30804281145873014 0.15811878041744615
0.3004716391708643 -0.3078617232293278 0.1581857650260683
0.30064893980535 -0.3076882449041698 0.15816899733638384
0.30070684401311343 -0.30771233925862157 0.15823867450844573
0.3001061726522492 -0.3074681733793847 0.15759884428896892
0.3004629535432167 -0.30775888288349 0.15783446549034658
0.3004858537375009 -0.3079465061863391 0.15821404499040184
0.3004680191629317 -0.30771053235686785 0.1579991995538024
0.30048638661712046 -0.30767843788568866 0.1579759127592757
0.3004976235941834 -0.30767288917774654 0.15795558692643052
0.3004782362096319 -0.30766753587452933 0.1579350638184066
0.3003681949191127 -0.30764427986672843 0.1578695869968354
0.300359727937459 -0.30764645028122406 0.15786314053436992
0.30036085728644857 -0.3076472058790009 0.1578656463229056
0.30034856754987477 -0.30754367711864544 0.157853972106983
0.300421442763461 -0.30436252883248405 0.1576708628252523
0.30065578353426053 -0.2950831955672339 0.15795257766980317
0.30051216114248913 -0.28413197964538506 0.15799995848843126
0.30080390968139137 -0.27924683416922447 0.15808893165075594
0.30023076168531265 -0.27866867851240823 0.15783944023331012
0.30025739304860233 -0.2789206902987126 0.1586531759533824
0.30003581692034215 -0.2790180878913019 0.1579813570580006
0.30008014923560833 -0.2791271498159212 0.1581266834845167
0.30000630516990934 -0.27897627266349745 0.1576372540083684
0.2997909860093101 -0.2791562390920377 0.15790941794305358
0.3005577562512032 -0.279091656528614 0.15803654686083068
0.299977564755996 -0.27907755718228494 0.15800179785230045
0.2997537935820652 -0.27915300199719734 0.15794162742152393
0.30056126620578444 -0.2791357006160559 0.15802777316197028
0.3000856087614878 -0.27913764694995963 0.15799949126751775
0.30000148835144563 -0.27912274455498787 0.15789107193845614
0.3000217716785907 -0.279122238228376 0.157884188362305
0.3000389450468971 -0.2791207421596442 0.1578654804389094
0.30004809128594195 -0.2791236254140048 0.15785554445717997
0.3000644830079239 -0.279122998679286 0.15785472192436698
0.30007199246138433 -0.27912160802368574 0.1578496638028491
0.3001012045696534 -0.2791253394786136 0.15785533904889304
0.30426637728859585 -0.27759620204606716 0.15904900446124776
0.31050168846826187 -0.2728907351618878 0.15762065084397306
0.3160490171872827 -0.26922319795728045 0.1576378027606255
0.31713543470603617 -0.26844380514924626 0.1580985563931769
0.3174737569101119 -0.2685213757831012 0.15801846909131734
0.31693460143039953 -0.26852645249429763 0.1580968398791604
0.3168358871805858 -0.2686098433009202 0.15794486291579932
0.31699930578909064 -0.2688017136333889 0.1578436115497579
0.3168943648856982 -0.2689588670750621 0.15774830101734222
0.3167101009818713 -0.2690655373838928 0.1577800176117717
0.3168548237511884 -0.2687125028519633 0.15778429281031786
0.31701297533718936 -0.26863379127834164 0.15780252522585522
0.31702715301320833 -0.2686520194774352 0.1580243883597528
0.3170175886183362 -0.26863917370126966 0.15778726144337687
0.3171228038743914 -0.2686486630155894 0.1578285790163747
0.31712982838837045 -0.2686533370308571 0.15782874624274304
0.31712372213149975 -0.2686535392600684 0.15782753005417377
0.3171247949718226 -0.2686573444794506 0.1578337427101221
0.3171267411846903 -0.26865924546781417 0.1578303427507852
0.3225266923683836 -0.2673932956955951 0.15854495569070523
0.33461139997248246 -0.26147741115066053 0.15796302186490285
0.33996040526553917 -0.258038969842173 0.15759464138820453
0.3412285575306814 -0.25752353656118887 0.1579374461858527
0.34130727861126514 -0.2575291993035835 0.15775599191697062
0.34132945203232046 -0.25755390240461645 0.15780396581157646
0.3416938580045579 -0.25780389255652847 0.15847551629681705
0.341205676504404 -0.2577377175771313 0.15833714052549464
0.3411305480242578 -0.2578521141886159 0.15803139859660534
0.34089366070998106 -0.257908966361888 0.1580937869624432
0.3407658900879223 -0.25789817896830725 0.1576695242359978
0.340776511017309 -0.2578964094479839 0.15771443060688561
0.3407836616566532 -0.25788674372411813 0.15772158657405844
0.34078183985044797 -0.25788716849709825 0.1577264215913508
0.3407878726306761 -0.2578849447986223 0.1577472075924095
0.34079728711943463 -0.2578730453885572 0.1577405556721534
0.3407961185504894 -0.25787396516191063 0.15774775233124344
0.3407972857813666 -0.2578700400876091 0.1577551632561024
0.34080301596248863 -0.25786896979783086 0.15775787919296835
0.3408001686626159 -0.25786818688623403 0.1577548823518757
0.3408024542519526 -0.2578624845308026 0.1577540089234327
0.340805604731684 -0.25786045731934876 0.1577569529212009
0.3408089575303623 -0.2578590927549752 0.15776164889441763
0.34080657543216825 -0.2578596873320544 0.15776128613877133
0.33837557112069494 -0.2570636915256693 0.1578613259527405
0.3329198678265177 -0.25305578453553956 0.15807926404697525
0.32733749464147005 -0.24844779847679999 0.15850248670970163
0.3255414067102167 -0.246791294290498 0.15782964514538092
0.3249999400816542 -0.24661693805708867 0.1573258197593504
0.32512449529521525 -0.24657654794329292 0.15838144329810366
0.32506534441860224 -0.24674061690757954 0.1581492734389859
0.32463972977605665 -0.24671824356637778 0.15770154496140307
0.3251446613307354 -0.24690852997005813 0.15755300404446604
0.32527620343854535 -0.24707654579056978 0.15798947495830806
0.3251213180351123 -0.24694258793082674 0.15833099426238695
0.3253911731147391 -0.24673499627554105 0.1582230188112174
0.3254123750212644 -0.24673251377956434 0.15812977546542006
0.32541565057784816 -0.24673051063331422 0.15812191915130064
0.32541808396756283 -0.2467384056032949 0.15811674491669664
0.3254026422091417 -0.2467428918958199 0.158041837178789
0.32540230338782106 -0.2467427657169941 0.15803693332315472
0.3254008503699267 -0.2467434101560784 0.15803510935214338
0.3254034349015218 -0.2467464793293888 0.15803462710201674
0.3253998373278133 -0.24674886295931486 0.1580334672575648
0.3254021374910237 -0.24675053660844065 0.15803582170667657
0.32539523707090734 -0.24675518400307084 0.15803278902433476
0.3253991105738289 -0.24675101568150978 0.1580312875695243
0.32539425327025084 -0.24675543857070606 0.1580342903096566
0.3253951165433756 -0.24675588975110574 0.15803184805576412
0.3253955011148233 -0.24676207681534268 0.15803323288464627
0.3253936740592908 -0.24675921740370071 0.158032601897661
0.325396225618235 -0.24676125146916633 0.15803285981790985
0.32539115846836825 -0.24676285046063465 0.15802841431793185
0.32538566005968433 -0.24676516295654755 0.15803041650483451
0.3253867426155177 -0.2467656169215634 0.15802931684162658
0.32538637898322326 -0.2467666022228937 0.15803168412213406
0.32538560840291686 -0.24676496975019147 0.15802907080889847
